{
  "advancedEditorSelectedIdentifier" : "ProjectBrowser",
  "openSceneRelativePaths" : [
    "SpringWorld.usda",
    "FallWorld.usda"
  ],
  "recentIdentifiers" : {
    "0D871371-819D-4CA0-B1D7-2B2282A33C11" : [

    ]
  },
  "sceneCameraHistory" : {
    "0D871371-819D-4CA0-B1D7-2B2282A33C11" : [
      {
        "date" : 764319300.514899,
        "title" : "Untitled",
        "transform" : [
          0.9984161,
          4.7947535e-10,
          0.056259956,
          0,
          0.03978179,
          0.7071068,
          -0.70598674,
          0,
          -0.039781798,
          0.7071067,
          0.70598686,
          0,
          -0.0042731753,
          0.09967784,
          0.10110691,
          1
        ]
      },
      {
        "date" : 764319281.72679,
        "title" : "Untitled",
        "transform" : [
          0.9984161,
          0,
          0.056259952,
          0,
          0.039781794,
          0.7071069,
          -0.70598674,
          0,
          -0.039781798,
          0.70710677,
          0.70598686,
          0,
          -0.017056977,
          0.08018252,
          0.13181812,
          1
        ]
      },
      {
        "date" : 764319078.439332,
        "title" : "Untitled",
        "transform" : [
          0.9993729,
          0,
          0.035408247,
          0,
          0.025037412,
          0.7071069,
          -0.7066633,
          0,
          -0.025037415,
          0.70710677,
          0.7066634,
          0,
          -0.006744721,
          0.037813805,
          0.06231933,
          1
        ]
      },
      {
        "date" : 764319069.143014,
        "title" : "Untitled",
        "transform" : [
          0.9993729,
          0,
          0.035408247,
          0,
          0.025037412,
          0.7071069,
          -0.7066633,
          0,
          -0.025037415,
          0.70710677,
          0.7066634,
          0,
          -0.006645766,
          0.04060836,
          0.059526525,
          1
        ]
      },
      {
        "date" : 764318409.517137,
        "title" : "Untitled",
        "transform" : [
          0.9993729,
          0,
          0.035408247,
          0,
          0.025037412,
          0.7071069,
          -0.7066633,
          0,
          -0.025037415,
          0.70710677,
          0.7066634,
          0,
          -0.0121469265,
          0.0339713,
          0.06597285,
          1
        ]
      },
      {
        "date" : 764317857.440401,
        "title" : "Untitled",
        "transform" : [
          0.9993729,
          0,
          0.035408247,
          0,
          0.025037412,
          0.7071069,
          -0.7066633,
          0,
          -0.025037415,
          0.70710677,
          0.7066634,
          0,
          -0.011956228,
          0.053300317,
          0.046638478,
          1
        ]
      },
      {
        "date" : 764317833.490826,
        "title" : "Untitled",
        "transform" : [
          0.9993729,
          0,
          0.035408247,
          0,
          0.025037412,
          0.7071069,
          -0.7066633,
          0,
          -0.025037415,
          0.70710677,
          0.7066634,
          0,
          -0.007507742,
          0.07075574,
          0.1028654,
          1
        ]
      },
      {
        "date" : 764317808.745367,
        "title" : "Untitled",
        "transform" : [
          0.99932057,
          0,
          0.036856886,
          0,
          0.026061755,
          0.7071069,
          -0.7066263,
          0,
          -0.026061758,
          0.70710677,
          0.7066264,
          0,
          -0.006775963,
          0.06261563,
          0.09102151,
          1
        ]
      },
      {
        "date" : 764317680.301666,
        "title" : "Untitled",
        "transform" : [
          0.99932057,
          0,
          0.036856886,
          0,
          0.026061755,
          0.7071069,
          -0.7066263,
          0,
          -0.026061758,
          0.70710677,
          0.7066264,
          0,
          -0.020191897,
          0.05494046,
          0.20492592,
          1
        ]
      },
      {
        "date" : 764317673.004603,
        "title" : "Untitled",
        "transform" : [
          0.99932057,
          0,
          0.036856886,
          0,
          0.026061755,
          0.7071069,
          -0.7066263,
          0,
          -0.026061758,
          0.70710677,
          0.7066264,
          0,
          -0.033133022,
          0.0003394685,
          0.27345586,
          1
        ]
      }
    ],
    "88AB4B3E-8236-40CB-A691-095C4A7CAF97" : [
      {
        "date" : 764322473.266381,
        "title" : "Untitled",
        "transform" : [
          0.9999843,
          0,
          0.0055999462,
          0,
          0.00395976,
          0.7071069,
          -0.7070957,
          0,
          -0.0039597605,
          0.70710677,
          0.7070958,
          0,
          -0.02381892,
          0.10216284,
          0.10955097,
          1
        ]
      },
      {
        "date" : 764322373.213071,
        "title" : "Untitled",
        "transform" : [
          0.9999843,
          0,
          0.0055999462,
          0,
          0.00395976,
          0.7071069,
          -0.7070957,
          0,
          -0.0039597605,
          0.70710677,
          0.7070958,
          0,
          -0.018295404,
          0.07997602,
          0.13176909,
          1
        ]
      },
      {
        "date" : 764322367.823806,
        "title" : "Untitled",
        "transform" : [
          0.9999843,
          0,
          0.0055999462,
          0,
          0.00395976,
          0.7071069,
          -0.7070957,
          0,
          -0.0039597605,
          0.70710677,
          0.7070958,
          0,
          0.012891937,
          0.048680574,
          0.16323969,
          1
        ]
      },
      {
        "date" : 764322365.285846,
        "title" : "Untitled",
        "transform" : [
          0.9999843,
          0,
          0.0055999462,
          0,
          0.00395976,
          0.7071069,
          -0.7070957,
          0,
          -0.0039597605,
          0.70710677,
          0.7070958,
          0,
          0.033110756,
          0.07330802,
          0.13872509,
          1
        ]
      },
      {
        "date" : 764322363.457292,
        "title" : "Untitled",
        "transform" : [
          0.9999843,
          0,
          0.0055999462,
          0,
          0.00395976,
          0.7071069,
          -0.7070957,
          0,
          -0.0039597605,
          0.70710677,
          0.7070958,
          0,
          -0.018547859,
          0.037365332,
          0.174379,
          1
        ]
      },
      {
        "date" : 764322302.904958,
        "title" : "Untitled",
        "transform" : [
          0.9999843,
          0,
          0.0055999462,
          0,
          0.00395976,
          0.7071069,
          -0.7070957,
          0,
          -0.0039597605,
          0.70710677,
          0.7070958,
          0,
          0.015864898,
          0.075304836,
          0.13663164,
          1
        ]
      },
      {
        "date" : 764322296.988532,
        "title" : "Untitled",
        "transform" : [
          0.9999843,
          0,
          0.0055999462,
          0,
          0.00395976,
          0.7071069,
          -0.7070957,
          0,
          -0.0039597605,
          0.70710677,
          0.7070958,
          0,
          0.036475755,
          0.113910004,
          0.09814133,
          1
        ]
      },
      {
        "date" : 764322285.302446,
        "title" : "Untitled",
        "transform" : [
          0.9999843,
          0,
          0.0055999462,
          0,
          0.00395976,
          0.7071069,
          -0.7070957,
          0,
          -0.0039597605,
          0.70710677,
          0.7070958,
          0,
          0.015405093,
          0.1052571,
          0.10667633,
          1
        ]
      },
      {
        "date" : 764322259.372736,
        "title" : "Untitled",
        "transform" : [
          0.9999843,
          0,
          0.0055999462,
          0,
          0.00395976,
          0.7071069,
          -0.7070957,
          0,
          -0.0039597605,
          0.70710677,
          0.7070958,
          0,
          -0.00059316185,
          0.105922736,
          0.10592111,
          1
        ]
      },
      {
        "date" : 764322147.847522,
        "title" : "Untitled",
        "transform" : [
          1,
          0,
          0,
          0,
          0,
          0.7071069,
          -0.70710677,
          0,
          0,
          0.70710677,
          0.7071069,
          0,
          0,
          0.1548749,
          0.15487497,
          1
        ]
      }
    ],
    "412E3D44-EC23-4E5F-991D-5A7EF66E7198" : [
      {
        "date" : 764320947.008083,
        "title" : "Untitled",
        "transform" : [
          0.9999947,
          0,
          0.003265375,
          0,
          0.0023089687,
          0.7071069,
          -0.707103,
          0,
          -0.0023089692,
          0.70710677,
          0.70710313,
          0,
          1.6073599,
          8.568872,
          12.024067,
          1
        ]
      },
      {
        "date" : 764320903.602297,
        "title" : "Untitled",
        "transform" : [
          0.9999947,
          0,
          0.003265375,
          0,
          0.0023089687,
          0.7071069,
          -0.707103,
          0,
          -0.0023089692,
          0.70710677,
          0.70710313,
          0,
          0.09744611,
          0.5194874,
          0.72895837,
          1
        ]
      },
      {
        "date" : 764320900.733676,
        "title" : "Untitled",
        "transform" : [
          0.9999947,
          0,
          0.003265375,
          0,
          0.0023089687,
          0.7071069,
          -0.707103,
          0,
          -0.0023089692,
          0.70710677,
          0.70710313,
          0,
          0.09343583,
          0.4981085,
          0.698959,
          1
        ]
      },
      {
        "date" : 764320866.347852,
        "title" : "Untitled",
        "transform" : [
          0.9999947,
          0,
          0.003265375,
          0,
          0.0023089687,
          0.7071069,
          -0.707103,
          0,
          -0.0023089692,
          0.70710677,
          0.70710313,
          0,
          0.16828652,
          0.89713913,
          1.2588892,
          1
        ]
      },
      {
        "date" : 764320769.771235,
        "title" : "Untitled",
        "transform" : [
          1,
          0,
          0,
          0,
          0,
          0.7071069,
          -0.70710677,
          0,
          0,
          0.70710677,
          0.7071069,
          0,
          0.012383523,
          0.06444303,
          0.090388194,
          1
        ]
      },
      {
        "date" : 764320679.256862,
        "title" : "Untitled",
        "transform" : [
          1,
          0,
          0,
          0,
          0,
          0.7071069,
          -0.70710677,
          0,
          0,
          0.70710677,
          0.7071069,
          0,
          0.024144199,
          0.092073515,
          0.099706076,
          1
        ]
      },
      {
        "date" : 764320670.060656,
        "title" : "Untitled",
        "transform" : [
          1,
          0,
          0,
          0,
          0,
          0.7071069,
          -0.70710677,
          0,
          0,
          0.70710677,
          0.7071069,
          0,
          0.012782242,
          0.10994942,
          0.08183016,
          1
        ]
      },
      {
        "date" : 764320622.954102,
        "title" : "Untitled",
        "transform" : [
          1,
          0,
          0,
          0,
          0,
          0.7071069,
          -0.70710677,
          0,
          0,
          0.70710677,
          0.7071069,
          0,
          0.006124757,
          0.06996326,
          0.04818538,
          1
        ]
      },
      {
        "date" : 764320604.254607,
        "title" : "Untitled",
        "transform" : [
          1,
          0,
          0,
          0,
          0,
          0.7071069,
          -0.70710677,
          0,
          0,
          0.70710677,
          0.7071069,
          0,
          0.0050748102,
          0.05833182,
          0.0598168,
          1
        ]
      },
      {
        "date" : 764320600.242695,
        "title" : "Untitled",
        "transform" : [
          1,
          0,
          0,
          0,
          0,
          0.7071069,
          -0.70710677,
          0,
          0,
          0.70710677,
          0.7071069,
          0,
          0.0050747953,
          0.04929897,
          0.0688497,
          1
        ]
      }
    ],
    "B667D0CF-9F63-41D9-B1A6-27C15C209E9B" : [
      {
        "date" : 764322405.257214,
        "title" : "Untitled",
        "transform" : [
          0.98546356,
          0,
          0.16988733,
          0,
          0.12012848,
          0.7071068,
          -0.69682795,
          0,
          -0.120128505,
          0.7071067,
          0.69682807,
          0,
          -0.030820211,
          0.21491581,
          0.21228935,
          1
        ]
      },
      {
        "date" : 764322401.372521,
        "title" : "Untitled",
        "transform" : [
          0.98546356,
          0,
          0.16988733,
          0,
          0.12012848,
          0.7071068,
          -0.69682795,
          0,
          -0.120128505,
          0.7071067,
          0.69682807,
          0,
          0.026707098,
          0.2804361,
          0.36861053,
          1
        ]
      },
      {
        "date" : 764322034.094632,
        "title" : "Untitled",
        "transform" : [
          0.98546356,
          0,
          0.16988733,
          0,
          0.12012848,
          0.7071068,
          -0.69682795,
          0,
          -0.120128505,
          0.7071067,
          0.69682807,
          0,
          -0.013346922,
          0.1827124,
          0.18661189,
          1
        ]
      },
      {
        "date" : 764321950.461097,
        "title" : "Untitled",
        "transform" : [
          0.98546356,
          0,
          0.16988733,
          0,
          0.12012848,
          0.7071068,
          -0.69682795,
          0,
          -0.120128505,
          0.7071067,
          0.69682807,
          0,
          0.018867783,
          0.15682827,
          0.2184315,
          1
        ]
      },
      {
        "date" : 764321944.773259,
        "title" : "Untitled",
        "transform" : [
          0.98546356,
          0,
          0.16988733,
          0,
          0.12012848,
          0.7071068,
          -0.69682795,
          0,
          -0.120128505,
          0.7071067,
          0.69682807,
          0,
          0.01901089,
          0.15801777,
          0.22008824,
          1
        ]
      },
      {
        "date" : 764321941.635095,
        "title" : "Untitled",
        "transform" : [
          0.98546356,
          0,
          0.16988733,
          0,
          0.12012848,
          0.7071068,
          -0.69682795,
          0,
          -0.120128505,
          0.7071067,
          0.69682807,
          0,
          0.012794603,
          0.12142719,
          0.25614697,
          1
        ]
      },
      {
        "date" : 764321771.219962,
        "title" : "Untitled",
        "transform" : [
          0.98546356,
          0,
          0.16988733,
          0,
          0.12012848,
          0.7071068,
          -0.69682795,
          0,
          -0.120128505,
          0.7071067,
          0.69682807,
          0,
          0.0054081264,
          0.16736008,
          0.20826307,
          1
        ]
      },
      {
        "date" : 764321757.91211,
        "title" : "Untitled",
        "transform" : [
          0.98546356,
          0,
          0.16988733,
          0,
          0.12012848,
          0.7071068,
          -0.69682795,
          0,
          -0.120128505,
          0.7071067,
          0.69682807,
          0,
          0.0051835673,
          0.16041087,
          0.19961545,
          1
        ]
      },
      {
        "date" : 764321752.236511,
        "title" : "Untitled",
        "transform" : [
          0.99989784,
          0,
          0.014297003,
          0,
          0.0101095075,
          0.7071068,
          -0.7070345,
          0,
          -0.010109511,
          0.7071067,
          0.70703465,
          0,
          0.040585198,
          0.17976059,
          0.22005844,
          1
        ]
      },
      {
        "date" : 764321745.307847,
        "title" : "Untitled",
        "transform" : [
          0.99989784,
          0,
          0.014297003,
          0,
          0.0101095075,
          0.7071068,
          -0.7070345,
          0,
          -0.010109511,
          0.7071067,
          0.70703465,
          0,
          -0.012312521,
          0.14549811,
          0.11211127,
          1
        ]
      }
    ]
  },
  "sceneViewportBackgroundColors" : {

  },
  "selectedSceneRelativePath" : "FallWorld.usda"
}