{
  "advancedEditorSelectedIdentifier" : "ProjectBrowser",
  "openSceneRelativePaths" : [
    "Immersive.usda"
  ],
  "recentIdentifiers" : {
    "AF09ED6F-1707-48FD-8720-65B998362C09" : [

    ]
  },
  "sceneCameraHistory" : {
    "1AD37192-C17F-4169-878C-A3FE3DD3513A" : [
      {
        "date" : 764308785.463828,
        "title" : "Untitled",
        "transform" : [
          0.6470255,
          3.498072e-09,
          0.7624683,
          0,
          0.29789734,
          0.9205175,
          -0.25279385,
          0,
          -0.7018654,
          0.39070132,
          0.59559846,
          0,
          -1.8152345,
          1.0104709,
          1.5403963,
          1
        ]
      },
      {
        "date" : 764308702.15581,
        "title" : "Untitled",
        "transform" : [
          0.84501994,
          1.0320926e-09,
          0.53473467,
          0,
          0.2909554,
          0.83901274,
          -0.45978543,
          0,
          -0.44864917,
          0.54411185,
          0.7089826,
          0,
          -1.1603414,
          1.4072365,
          1.8336416,
          1
        ]
      },
      {
        "date" : 764308661.759131,
        "title" : "Untitled",
        "transform" : [
          0.872723,
          1.5426469e-09,
          0.48821574,
          0,
          0.27132478,
          0.831351,
          -0.4850139,
          0,
          -0.4058786,
          0.5557478,
          0.7255391,
          0,
          -1.0497239,
          1.4373306,
          1.8764617,
          1
        ]
      }
    ],
    "AF09ED6F-1707-48FD-8720-65B998362C09" : [
      {
        "date" : 764325955.963847,
        "title" : "Untitled",
        "transform" : [
          0.06184332,
          1.3912286e-09,
          -0.99808586,
          0,
          -0.5454321,
          0.8374734,
          -0.03379601,
          0,
          0.83587027,
          0.54647815,
          0.051792245,
          0,
          0.13662337,
          0.09752581,
          -0.17790031,
          1
        ]
      },
      {
        "date" : 764325881.924513,
        "title" : "Untitled",
        "transform" : [
          -0.87271065,
          1.4286232e-09,
          -0.4882377,
          0,
          -0.25519016,
          0.8525314,
          0.456145,
          0,
          0.41623804,
          0.5226761,
          -0.74401313,
          0,
          0.0076956563,
          0.093748935,
          -0.27016762,
          1
        ]
      },
      {
        "date" : 764325867.194673,
        "title" : "Untitled",
        "transform" : [
          0.9971046,
          4.2009352e-10,
          -0.07604204,
          0,
          -0.03487085,
          0.8886566,
          -0.4572455,
          0,
          0.06757526,
          0.45857325,
          0.8860836,
          0,
          0.019205568,
          0.16112053,
          0.06429923,
          1
        ]
      },
      {
        "date" : 764325860.174088,
        "title" : "Untitled",
        "transform" : [
          0.9971046,
          4.2009352e-10,
          -0.07604204,
          0,
          -0.03487085,
          0.8886566,
          -0.4572455,
          0,
          0.06757526,
          0.45857325,
          0.8860836,
          0,
          0.07224882,
          0.2669366,
          0.3300651,
          1
        ]
      },
      {
        "date" : 764325825.116679,
        "title" : "Untitled",
        "transform" : [
          0.9971046,
          4.2009352e-10,
          -0.07604204,
          0,
          -0.03487085,
          0.8886566,
          -0.4572455,
          0,
          0.06757526,
          0.45857325,
          0.8860836,
          0,
          0.015396764,
          0.20628196,
          0.26856506,
          1
        ]
      },
      {
        "date" : 764325794.952872,
        "title" : "Untitled",
        "transform" : [
          0.9971046,
          4.2009352e-10,
          -0.07604204,
          0,
          -0.03487085,
          0.8886566,
          -0.4572455,
          0,
          0.06757526,
          0.45857325,
          0.8860836,
          0,
          0.010789027,
          0.20044717,
          0.14059329,
          1
        ]
      },
      {
        "date" : 764325781.590073,
        "title" : "Untitled",
        "transform" : [
          0.9971046,
          4.2009352e-10,
          -0.07604204,
          0,
          -0.03487085,
          0.8886566,
          -0.4572455,
          0,
          0.06757526,
          0.45857325,
          0.8860836,
          0,
          -0.0045916587,
          0.17775984,
          0.108090684,
          1
        ]
      },
      {
        "date" : 764325724.944041,
        "title" : "Untitled",
        "transform" : [
          0.9971046,
          4.2009352e-10,
          -0.07604204,
          0,
          -0.03487085,
          0.8886566,
          -0.4572455,
          0,
          0.06757526,
          0.45857325,
          0.8860836,
          0,
          -0.003500849,
          0.16907148,
          0.112503946,
          1
        ]
      },
      {
        "date" : 764325721.495737,
        "title" : "Untitled",
        "transform" : [
          0.9998596,
          2.0924229e-10,
          -0.016756574,
          0,
          -0.0048782416,
          0.9566853,
          -0.29108316,
          0,
          0.016030768,
          0.29112402,
          0.95655096,
          0,
          -0.033209123,
          0.15214792,
          0.11301119,
          1
        ]
      },
      {
        "date" : 764325579.132685,
        "title" : "Untitled",
        "transform" : [
          0.9998596,
          2.0924229e-10,
          -0.016756574,
          0,
          -0.0048782416,
          0.9566853,
          -0.29108316,
          0,
          0.016030768,
          0.29112402,
          0.95655096,
          0,
          0.013884963,
          0.123021126,
          0.12108661,
          1
        ]
      }
    ]
  },
  "sceneViewportBackgroundColors" : {

  },
  "selectedSceneRelativePath" : "Immersive.usda"
}