{
  "advancedEditorSelectedIdentifier" : "ProjectBrowser",
  "openSceneRelativePaths" : [
    "Immersive.usda"
  ],
  "recentIdentifiers" : {
    "AF09ED6F-1707-48FD-8720-65B998362C09" : [

    ]
  },
  "sceneCameraHistory" : {
    "1AD37192-C17F-4169-878C-A3FE3DD3513A" : [
      {
        "date" : 764308785.463828,
        "title" : "Untitled",
        "transform" : [
          0.6470255,
          3.498072e-09,
          0.7624683,
          0,
          0.29789734,
          0.9205175,
          -0.25279385,
          0,
          -0.7018654,
          0.39070132,
          0.59559846,
          0,
          -1.8152345,
          1.0104709,
          1.5403963,
          1
        ]
      },
      {
        "date" : 764308702.15581,
        "title" : "Untitled",
        "transform" : [
          0.84501994,
          1.0320926e-09,
          0.53473467,
          0,
          0.2909554,
          0.83901274,
          -0.45978543,
          0,
          -0.44864917,
          0.54411185,
          0.7089826,
          0,
          -1.1603414,
          1.4072365,
          1.8336416,
          1
        ]
      },
      {
        "date" : 764308661.759131,
        "title" : "Untitled",
        "transform" : [
          0.872723,
          1.5426469e-09,
          0.48821574,
          0,
          0.27132478,
          0.831351,
          -0.4850139,
          0,
          -0.4058786,
          0.5557478,
          0.7255391,
          0,
          -1.0497239,
          1.4373306,
          1.8764617,
          1
        ]
      }
    ],
    "AF09ED6F-1707-48FD-8720-65B998362C09" : [
      {
        "date" : 764316564.217649,
        "title" : "Untitled",
        "transform" : [
          -0.99883294,
          2.1903235e-09,
          -0.0482974,
          0,
          -0.013635014,
          0.9593224,
          0.28198358,
          0,
          0.046332844,
          0.28231296,
          -0.9582027,
          0,
          -0.039659433,
          0.24905461,
          -0.5735803,
          1
        ]
      },
      {
        "date" : 764316559.001611,
        "title" : "Untitled",
        "transform" : [
          -0.99612325,
          2.2654323e-09,
          -0.08796781,
          0,
          -0.052298784,
          0.8040798,
          0.5922167,
          0,
          0.070733204,
          0.5945214,
          -0.80096257,
          0,
          -0.03416267,
          0.36694992,
          -0.4597826,
          1
        ]
      },
      {
        "date" : 764316539.561574,
        "title" : "Untitled",
        "transform" : [
          -0.99644715,
          1.2568215e-09,
          -0.084219925,
          0,
          -0.04515273,
          0.8441365,
          0.53422356,
          0,
          0.07109316,
          0.5361282,
          -0.8411374,
          0,
          -0.07312359,
          0.39991954,
          -0.4546698,
          1
        ]
      },
      {
        "date" : 764316520.900235,
        "title" : "Untitled",
        "transform" : [
          -0.9969289,
          1.2332606e-09,
          -0.07831177,
          0,
          -0.023458848,
          0.95407856,
          0.29863667,
          0,
          0.07471562,
          0.29955652,
          -0.95114845,
          0,
          -0.067217685,
          0.19506596,
          -0.56505007,
          1
        ]
      },
      {
        "date" : 764316511.351141,
        "title" : "Untitled",
        "transform" : [
          -0.994561,
          3.5326089e-09,
          -0.104155794,
          0,
          -0.06896302,
          0.74940336,
          0.65851253,
          0,
          0.078054756,
          0.66211367,
          -0.7453274,
          0,
          -0.06584315,
          0.40540895,
          -0.43949836,
          1
        ]
      },
      {
        "date" : 764316436.422869,
        "title" : "Untitled",
        "transform" : [
          -0.99956894,
          3.569936e-09,
          0.029358491,
          0,
          0.015089006,
          0.8578151,
          0.51373696,
          0,
          -0.025184115,
          0.5139584,
          -0.85744536,
          0,
          -0.12580782,
          0.31992367,
          -0.4936312,
          1
        ]
      },
      {
        "date" : 764316192.384869,
        "title" : "Untitled",
        "transform" : [
          -0.9998219,
          2.6614753e-09,
          0.018873993,
          0,
          0.004203882,
          0.9748788,
          0.22269666,
          0,
          -0.018399812,
          0.22273621,
          -0.97470516,
          0,
          0.021221697,
          0.17883751,
          -0.50762177,
          1
        ]
      },
      {
        "date" : 764316188.03621,
        "title" : "Untitled",
        "transform" : [
          -0.99941826,
          2.900013e-09,
          0.034105916,
          0,
          0.013166942,
          0.9224731,
          0.385837,
          0,
          -0.031461746,
          0.38606146,
          -0.9219364,
          0,
          0.017808124,
          0.22839811,
          -0.4708532,
          1
        ]
      },
      {
        "date" : 764316181.847103,
        "title" : "Untitled",
        "transform" : [
          -0.9992977,
          2.9023075e-09,
          0.03747217,
          0,
          0.014367429,
          0.92357534,
          0.3831478,
          0,
          -0.034608327,
          0.38341692,
          -0.9229266,
          0,
          0.016890459,
          0.22762492,
          -0.47107786,
          1
        ]
      },
      {
        "date" : 764316171.714497,
        "title" : "Untitled",
        "transform" : [
          -0.99926674,
          3.8679127e-09,
          0.038288552,
          0,
          0.022835122,
          0.80268973,
          0.59595937,
          0,
          -0.03073379,
          0.5963965,
          -0.8021013,
          0,
          0.019103697,
          0.28811064,
          -0.40740657,
          1
        ]
      }
    ]
  },
  "sceneViewportBackgroundColors" : {

  },
  "selectedSceneRelativePath" : "Immersive.usda"
}