{
  "advancedEditorSelectedIdentifier" : "BehaviorsPluginID",
  "openSceneRelativePaths" : [
    "Placeholder.usda",
    "Spring.usda",
    "Summer.usda",
    "SpringWorld.usda"
  ],
  "recentIdentifiers" : {
    "44D81CC2-1742-49F1-9CD2-0366A00271EB" : [

    ],
    "86FF638F-A196-49CD-BE2E-B4780743AC10" : [

    ],
    "AF09ED6F-1707-48FD-8720-65B998362C09" : [

    ],
    "C85ED2F4-5B27-467B-B6CD-F105220F6511" : [

    ]
  },
  "sceneCameraHistory" : {
    "035ABA9A-6A2F-4C14-B590-C62D55A0B00A" : [
      {
        "date" : 764330717.890247,
        "title" : "Untitled",
        "transform" : [
          -0.999955,
          -2.8854743e-09,
          0.009493136,
          0,
          0.0042290585,
          0.8952883,
          0.4454673,
          0,
          -0.008499066,
          0.44548738,
          -0.89524794,
          0,
          -0.0052227313,
          0.27375433,
          -0.5501346,
          1
        ]
      },
      {
        "date" : 764330714.824253,
        "title" : "Untitled",
        "transform" : [
          -0.9885363,
          -2.8857436e-09,
          -0.15098394,
          0,
          -0.07161213,
          0.8803618,
          0.46886557,
          0,
          0.1329205,
          0.47430286,
          -0.8702695,
          0,
          0.08168035,
          0.29146162,
          -0.5347852,
          1
        ]
      },
      {
        "date" : 764330694.805434,
        "title" : "Untitled",
        "transform" : [
          -0.9885363,
          -2.8857436e-09,
          -0.15098394,
          0,
          -0.07161213,
          0.8803618,
          0.46886557,
          0,
          0.1329205,
          0.47430286,
          -0.8702695,
          0,
          0.056239493,
          0.20068054,
          -0.3682165,
          1
        ]
      }
    ],
    "1AD37192-C17F-4169-878C-A3FE3DD3513A" : [
      {
        "date" : 764308785.463828,
        "title" : "Untitled",
        "transform" : [
          0.6470255,
          3.498072e-09,
          0.7624683,
          0,
          0.29789734,
          0.9205175,
          -0.25279385,
          0,
          -0.7018654,
          0.39070132,
          0.59559846,
          0,
          -1.8152345,
          1.0104709,
          1.5403963,
          1
        ]
      },
      {
        "date" : 764308702.15581,
        "title" : "Untitled",
        "transform" : [
          0.84501994,
          1.0320926e-09,
          0.53473467,
          0,
          0.2909554,
          0.83901274,
          -0.45978543,
          0,
          -0.44864917,
          0.54411185,
          0.7089826,
          0,
          -1.1603414,
          1.4072365,
          1.8336416,
          1
        ]
      },
      {
        "date" : 764308661.759131,
        "title" : "Untitled",
        "transform" : [
          0.872723,
          1.5426469e-09,
          0.48821574,
          0,
          0.27132478,
          0.831351,
          -0.4850139,
          0,
          -0.4058786,
          0.5557478,
          0.7255391,
          0,
          -1.0497239,
          1.4373306,
          1.8764617,
          1
        ]
      }
    ],
    "44D81CC2-1742-49F1-9CD2-0366A00271EB" : [
      {
        "date" : 764390132.696962,
        "title" : "Untitled",
        "transform" : [
          -0.99940336,
          1.6674486e-09,
          -0.034539435,
          0,
          -0.015368703,
          0.8955496,
          0.44469604,
          0,
          0.030931627,
          0.44496173,
          -0.89501524,
          0,
          0.039715737,
          0.20961528,
          -0.47139722,
          1
        ]
      },
      {
        "date" : 764390046.298152,
        "title" : "Untitled",
        "transform" : [
          -0.98691046,
          1.8646187e-09,
          0.16127008,
          0,
          0.09071937,
          0.8267764,
          0.5551673,
          0,
          -0.13333441,
          0.5625308,
          -0.815954,
          0,
          -0.0771627,
          0.26514527,
          -0.42157745,
          1
        ]
      },
      {
        "date" : 764389907.552112,
        "title" : "Untitled",
        "transform" : [
          -0.9812338,
          4.248811e-09,
          0.19282214,
          0,
          0.063494556,
          0.94422853,
          0.3231112,
          0,
          -0.18206827,
          0.329291,
          -0.9265088,
          0,
          -0.10155528,
          0.14482063,
          -0.4744509,
          1
        ]
      },
      {
        "date" : 764389901.41486,
        "title" : "Untitled",
        "transform" : [
          -0.9729463,
          2.3587967e-09,
          0.23103157,
          0,
          0.15376236,
          0.7463559,
          0.6475414,
          0,
          -0.17243186,
          0.66554713,
          -0.726164,
          0,
          -0.09780643,
          0.31867683,
          -0.37655276,
          1
        ]
      },
      {
        "date" : 764389760.262917,
        "title" : "Untitled",
        "transform" : [
          -0.99311346,
          1.8293598e-09,
          0.11715681,
          0,
          0.0617737,
          0.8496955,
          0.52364254,
          0,
          -0.09954771,
          0.52727383,
          -0.8438439,
          0,
          -0.059621517,
          0.24688666,
          -0.43570754,
          1
        ]
      },
      {
        "date" : 764389753.539255,
        "title" : "Untitled",
        "transform" : [
          -0.986557,
          1.0079653e-09,
          0.16341764,
          0,
          0.05437367,
          0.9430227,
          0.32825541,
          0,
          -0.15410665,
          0.33272845,
          -0.9303456,
          0,
          -0.08043339,
          0.13188851,
          -0.4356158,
          1
        ]
      },
      {
        "date" : 764389578.260063,
        "title" : "Untitled",
        "transform" : [
          -0.9789617,
          -1.4952131e-09,
          0.20404439,
          0,
          0.13104677,
          0.76649827,
          0.6287346,
          0,
          -0.15639977,
          0.6422465,
          -0.7503723,
          0,
          -0.08247728,
          0.2781711,
          -0.3556936,
          1
        ]
      },
      {
        "date" : 764389528.172159,
        "title" : "Untitled",
        "transform" : [
          -0.69990504,
          -1.4049255e-09,
          0.71423596,
          0,
          0.43403986,
          0.7941681,
          0.42533097,
          0,
          -0.5672234,
          0.60769826,
          -0.5558421,
          0,
          -0.23418994,
          0.22116454,
          -0.2197662,
          1
        ]
      },
      {
        "date" : 764389453.427604,
        "title" : "Untitled",
        "transform" : [
          -0.98170966,
          -8.512272e-11,
          -0.19038408,
          0,
          -0.093327366,
          0.8716068,
          0.4812397,
          0,
          0.16593985,
          0.4902058,
          -0.85566473,
          0,
          0.09283407,
          0.27494884,
          -0.5352547,
          1
        ]
      },
      {
        "date" : 764389398.762896,
        "title" : "Untitled",
        "transform" : [
          -0.98690426,
          6.0043526e-11,
          0.1613074,
          0,
          0.08102328,
          0.8646986,
          0.49571332,
          0,
          -0.13948241,
          0.50229126,
          -0.8533745,
          0,
          -0.097899824,
          0.24711695,
          -0.55122924,
          1
        ]
      }
    ],
    "86FF638F-A196-49CD-BE2E-B4780743AC10" : [
      {
        "date" : 764394748.022848,
        "title" : "Untitled",
        "transform" : [
          0.9990536,
          -6.508543e-10,
          -0.04349559,
          0,
          0.0025077008,
          0.9983366,
          0.057599608,
          0,
          0.04342323,
          -0.057654172,
          0.9973917,
          0,
          0.01594497,
          0.06956301,
          0.3652959,
          1
        ]
      },
      {
        "date" : 764394210.531054,
        "title" : "Untitled",
        "transform" : [
          0.9991922,
          -6.321985e-10,
          -0.04018651,
          0,
          0.0026182802,
          0.9978753,
          0.06510062,
          0,
          0.04010112,
          -0.06515325,
          0.9970691,
          0,
          0.014749955,
          0.06679659,
          0.36590558,
          1
        ]
      },
      {
        "date" : 764394208.461807,
        "title" : "Untitled",
        "transform" : [
          0.9981963,
          -6.723915e-10,
          0.06003453,
          0,
          -0.001043812,
          0.99984884,
          0.017355477,
          0,
          -0.060025457,
          -0.01738684,
          0.9980454,
          0,
          -0.021734519,
          0.08422238,
          0.36193985,
          1
        ]
      },
      {
        "date" : 764394169.011598,
        "title" : "Untitled",
        "transform" : [
          0.9964364,
          -7.3989836e-10,
          0.0843474,
          0,
          0.0023666692,
          0.99960625,
          -0.027958617,
          0,
          -0.0843142,
          0.028058605,
          0.9960441,
          0,
          -0.030195883,
          0.10060954,
          0.35711652,
          1
        ]
      },
      {
        "date" : 764394165.397093,
        "title" : "Untitled",
        "transform" : [
          0.99626684,
          -3.5586462e-10,
          0.08632734,
          0,
          -0.0028331415,
          0.99946135,
          0.03269606,
          0,
          -0.086280845,
          -0.03281858,
          0.99573016,
          0,
          -0.03137665,
          0.07861533,
          0.36249334,
          1
        ]
      },
      {
        "date" : 764394111.200457,
        "title" : "Untitled",
        "transform" : [
          0.99989164,
          1.222964e-10,
          -0.014723615,
          0,
          0.0035115907,
          0.9711424,
          0.23847468,
          0,
          0.014298725,
          -0.23850052,
          0.9710371,
          0,
          0.0055142976,
          0.0017859316,
          0.37219977,
          1
        ]
      },
      {
        "date" : 764394093.462292,
        "title" : "Untitled",
        "transform" : [
          0.9999915,
          -1.2639223e-11,
          0.004144696,
          0,
          0.0011406204,
          0.9613871,
          -0.2751975,
          0,
          -0.0039846557,
          0.27519986,
          0.9613788,
          0,
          -0.0013308336,
          0.1866915,
          0.3188044,
          1
        ]
      },
      {
        "date" : 764394085.858826,
        "title" : "Untitled",
        "transform" : [
          0.9992431,
          -4.018544e-11,
          -0.038901277,
          0,
          0.00040639672,
          0.99994534,
          0.01043895,
          0,
          0.038899153,
          -0.0104468595,
          0.9991884,
          0,
          0.0141129065,
          0.087092265,
          0.36023206,
          1
        ]
      },
      {
        "date" : 764394078.409815,
        "title" : "Untitled",
        "transform" : [
          0.99850047,
          9.462964e-11,
          -0.054743394,
          0,
          0.008974125,
          0.98647183,
          0.1636849,
          0,
          0.054002814,
          -0.16393073,
          0.98499256,
          0,
          0.020409625,
          0.03025397,
          0.36998326,
          1
        ]
      },
      {
        "date" : 764394049.728194,
        "title" : "Untitled",
        "transform" : [
          0.9999956,
          1.5077939e-12,
          0.0029713195,
          0,
          0.00016353242,
          0.9984843,
          -0.055036724,
          0,
          -0.0029668158,
          0.055036966,
          0.9984799,
          0,
          -0.0010575019,
          0.11064193,
          0.353615,
          1
        ]
      }
    ],
    "AF09ED6F-1707-48FD-8720-65B998362C09" : [
      {
        "date" : 764330660.656628,
        "title" : "Untitled",
        "transform" : [
          -0.9055887,
          9.690361e-09,
          0.42415684,
          0,
          0.23615435,
          0.8306723,
          0.5041968,
          0,
          -0.35233578,
          0.5567616,
          -0.7522473,
          0,
          -0.15538387,
          0.25563645,
          -0.44209746,
          1
        ]
      },
      {
        "date" : 764330632.071728,
        "title" : "Untitled",
        "transform" : [
          -0.8645373,
          5.339219e-09,
          0.50256854,
          0,
          0.37264696,
          0.67096984,
          0.64104104,
          0,
          -0.3372087,
          0.7414847,
          -0.5800782,
          0,
          -0.15574244,
          0.36101937,
          -0.36104515,
          1
        ]
      },
      {
        "date" : 764330563.886943,
        "title" : "Untitled",
        "transform" : [
          -0.8123932,
          4.860296e-09,
          0.5831099,
          0,
          0.38719633,
          0.7477154,
          0.5394447,
          0,
          -0.4360006,
          0.66401947,
          -0.6074386,
          0,
          -0.18372376,
          0.2752134,
          -0.3257922,
          1
        ]
      },
      {
        "date" : 764330561.942824,
        "title" : "Untitled",
        "transform" : [
          -0.8123932,
          4.860296e-09,
          0.5831099,
          0,
          0.38719633,
          0.7477154,
          0.5394447,
          0,
          -0.43600065,
          0.6640195,
          -0.6074387,
          0,
          -0.22930187,
          0.34348816,
          -0.4066145,
          1
        ]
      },
      {
        "date" : 764330527.287562,
        "title" : "Untitled",
        "transform" : [
          -0.99377656,
          9.10261e-10,
          0.11139157,
          0,
          0.06597507,
          0.8057327,
          0.58859324,
          0,
          -0.08975227,
          0.5922795,
          -0.8007182,
          0,
          -0.0052940487,
          0.25119388,
          -0.45409214,
          1
        ]
      },
      {
        "date" : 764330519.3868,
        "title" : "Untitled",
        "transform" : [
          -0.99180704,
          1.410821e-09,
          0.12774558,
          0,
          0.05011812,
          0.91982603,
          0.38911211,
          0,
          -0.117504135,
          0.3923267,
          -0.9122898,
          0,
          -0.01604127,
          0.1564669,
          -0.41654974,
          1
        ]
      },
      {
        "date" : 764330499.110727,
        "title" : "Untitled",
        "transform" : [
          -0.8873281,
          6.670904e-10,
          0.46113878,
          0,
          0.22753096,
          0.8697965,
          0.43781713,
          0,
          -0.4010972,
          0.49341094,
          -0.7717945,
          0,
          -0.16296613,
          0.2211561,
          -0.40204605,
          1
        ]
      },
      {
        "date" : 764330488.473497,
        "title" : "Untitled",
        "transform" : [
          -0.8873281,
          6.670904e-10,
          0.46113878,
          0,
          0.22753096,
          0.8697965,
          0.43781713,
          0,
          -0.4010972,
          0.49341094,
          -0.7717945,
          0,
          -0.12413271,
          0.16845652,
          -0.3062419,
          1
        ]
      },
      {
        "date" : 764330447.050286,
        "title" : "Untitled",
        "transform" : [
          -0.99867743,
          6.0341554e-09,
          0.051416058,
          0,
          0.027627688,
          0.8433699,
          0.5366228,
          0,
          -0.04336303,
          0.5373337,
          -0.8422543,
          0,
          0.023673216,
          0.30045363,
          -0.52121073,
          1
        ]
      },
      {
        "date" : 764330444.736456,
        "title" : "Untitled",
        "transform" : [
          -0.9999559,
          6.7385315e-09,
          0.009393215,
          0,
          0.002009743,
          0.97684586,
          0.2139349,
          0,
          -0.009176007,
          0.21394454,
          -0.97680277,
          0,
          0.044886727,
          0.10318805,
          -0.591465,
          1
        ]
      }
    ],
    "C85ED2F4-5B27-467B-B6CD-F105220F6511" : [
      {
        "date" : 764394817.876062,
        "title" : "Untitled",
        "transform" : [
          -0.9926648,
          8.389383e-09,
          -0.120899156,
          0,
          -0.07060427,
          0.81175846,
          0.5797095,
          0,
          0.0981409,
          0.58399326,
          -0.8058041,
          0,
          0.064988166,
          0.20016803,
          -0.41540062,
          1
        ]
      },
      {
        "date" : 764391275.09755,
        "title" : "Untitled",
        "transform" : [
          -0.9989868,
          8.492876e-09,
          -0.04500476,
          0,
          -0.028954966,
          0.7655507,
          0.64272386,
          0,
          0.03445341,
          0.64337575,
          -0.76477486,
          0,
          0.032456003,
          0.23119679,
          -0.40291816,
          1
        ]
      },
      {
        "date" : 764391271.776357,
        "title" : "Untitled",
        "transform" : [
          -0.9883082,
          9.380505e-09,
          -0.15246938,
          0,
          -0.121635,
          0.6029663,
          0.7884394,
          0,
          0.091933884,
          0.7977667,
          -0.59591645,
          0,
          0.06529503,
          0.31463498,
          -0.3295201,
          1
        ]
      },
      {
        "date" : 764391266.315342,
        "title" : "Untitled",
        "transform" : [
          -0.99844164,
          9.064477e-09,
          0.055805717,
          0,
          0.02493917,
          0.8945877,
          0.44619617,
          0,
          -0.0499231,
          0.4468926,
          -0.8931936,
          0,
          -0.011056045,
          0.1296787,
          -0.453873,
          1
        ]
      },
      {
        "date" : 764391254.26645,
        "title" : "Untitled",
        "transform" : [
          -1,
          8.640414e-09,
          0.00043940457,
          0,
          8.850907e-05,
          0.97950727,
          0.20140897,
          0,
          -0.00043040063,
          0.20140901,
          -0.97950715,
          0,
          0.014080284,
          0.0077543277,
          -0.4770305,
          1
        ]
      },
      {
        "date" : 764391248.615708,
        "title" : "Untitled",
        "transform" : [
          -0.99938256,
          8.6377225e-09,
          -0.035133544,
          0,
          -0.016470937,
          0.88329923,
          0.46852022,
          0,
          0.031033434,
          0.46880966,
          -0.88275385,
          0,
          0.029990753,
          0.14041582,
          -0.44636387,
          1
        ]
      },
      {
        "date" : 764391242.720997,
        "title" : "Untitled",
        "transform" : [
          -0.9995428,
          8.594942e-09,
          -0.030236404,
          0,
          -0.016390387,
          0.8403301,
          0.5418271,
          0,
          0.025408568,
          0.5420749,
          -0.8399459,
          0,
          0.004371402,
          0.22012712,
          -0.562499,
          1
        ]
      },
      {
        "date" : 764389412.476329,
        "title" : "Untitled",
        "transform" : [
          -0.98367053,
          8.846869e-09,
          -0.17997865,
          0,
          -0.06965026,
          0.9220831,
          0.38067248,
          0,
          0.16595528,
          0.38699186,
          -0.90702593,
          0,
          0.09414656,
          0.11853297,
          -0.584779,
          1
        ]
      },
      {
        "date" : 764389390.561845,
        "title" : "Untitled",
        "transform" : [
          -0.98367053,
          6.057425e-09,
          -0.17997864,
          0,
          -0.06965031,
          0.9220832,
          0.38067245,
          0,
          0.16595525,
          0.38699216,
          -0.90702593,
          0,
          -0.0053715524,
          0.23691599,
          -0.5694727,
          1
        ]
      },
      {
        "date" : 764389323.573331,
        "title" : "Untitled",
        "transform" : [
          -0.98367053,
          6.057425e-09,
          -0.17997864,
          0,
          -0.06965031,
          0.9220832,
          0.38067245,
          0,
          0.16595525,
          0.38699216,
          -0.90702593,
          0,
          -0.0058015473,
          0.23591329,
          -0.5671226,
          1
        ]
      }
    ],
    "CE4BE34F-C8CB-463F-940D-FFF8A6D8EB7C" : [
      {
        "date" : 764391487.545038,
        "title" : "Untitled",
        "transform" : [
          0.9997428,
          -5.462345e-10,
          0.022677433,
          0,
          0.0026840332,
          0.9929712,
          -0.11832656,
          0,
          -0.022518035,
          0.118357,
          0.99271584,
          0,
          -0.0074015595,
          0.09916526,
          0.26737353,
          1
        ]
      },
      {
        "date" : 764391484.732968,
        "title" : "Untitled",
        "transform" : [
          0.9997428,
          -5.462345e-10,
          0.022677433,
          0,
          0.0026840332,
          0.9929712,
          -0.11832656,
          0,
          -0.022518035,
          0.118357,
          0.99271584,
          0,
          -0.059322767,
          0.79479957,
          2.1429718,
          1
        ]
      },
      {
        "date" : 764391477.263252,
        "title" : "Untitled",
        "transform" : [
          0.9997428,
          -5.462345e-10,
          0.022677433,
          0,
          0.0026840332,
          0.9929712,
          -0.11832656,
          0,
          -0.022518035,
          0.118357,
          0.99271584,
          0,
          -0.011222618,
          0.15035932,
          0.40540504,
          1
        ]
      },
      {
        "date" : 764391452.198024,
        "title" : "Untitled",
        "transform" : [
          0.9997428,
          -5.462345e-10,
          0.022677433,
          0,
          0.0026840332,
          0.9929712,
          -0.11832656,
          0,
          -0.022518035,
          0.118357,
          0.99271584,
          0,
          -0.005098907,
          0.068314575,
          0.18419257,
          1
        ]
      },
      {
        "date" : 764391448.823594,
        "title" : "Untitled",
        "transform" : [
          0.9997428,
          -5.462345e-10,
          0.022677433,
          0,
          0.0026840332,
          0.9929712,
          -0.11832656,
          0,
          -0.022518035,
          0.118357,
          0.99271584,
          0,
          -0.07621245,
          1.0210859,
          2.7530944,
          1
        ]
      },
      {
        "date" : 764390852.74919,
        "title" : "Untitled",
        "transform" : [
          0.9997428,
          -5.462345e-10,
          0.022677433,
          0,
          0.0026840332,
          0.9929712,
          -0.11832656,
          0,
          -0.022518035,
          0.118357,
          0.99271584,
          0,
          -0.004438845,
          0.059471127,
          0.16034855,
          1
        ]
      },
      {
        "date" : 764390842.457557,
        "title" : "Untitled",
        "transform" : [
          0.999726,
          -5.2475757e-10,
          -0.02340538,
          0,
          -0.0019846738,
          0.9963984,
          -0.084772386,
          0,
          0.023321088,
          0.08479561,
          0.99612546,
          0,
          0.0029980342,
          0.05402654,
          0.162297,
          1
        ]
      },
      {
        "date" : 764390830.068798,
        "title" : "Untitled",
        "transform" : [
          0.99943554,
          -5.981997e-10,
          0.033595137,
          0,
          -0.00016092935,
          0.9999886,
          0.0047875424,
          0,
          -0.03359475,
          -0.0047902805,
          0.99942404,
          0,
          -0.00882636,
          0.009968915,
          0.22962734,
          1
        ]
      },
      {
        "date" : 764390827.514103,
        "title" : "Untitled",
        "transform" : [
          0.99943554,
          -5.981997e-10,
          0.033595137,
          0,
          -0.00016092935,
          0.9999886,
          0.0047875424,
          0,
          -0.03359475,
          -0.0047902805,
          0.99942404,
          0,
          -0.020831043,
          0.023527576,
          0.54194224,
          1
        ]
      },
      {
        "date" : 764390811.197888,
        "title" : "Untitled",
        "transform" : [
          0.99943554,
          -5.981997e-10,
          0.033595137,
          0,
          -0.00016092935,
          0.9999886,
          0.0047875424,
          0,
          -0.03359475,
          -0.0047902805,
          0.99942404,
          0,
          -0.066446245,
          0.07504757,
          1.7286714,
          1
        ]
      }
    ]
  },
  "sceneViewportBackgroundColors" : {

  },
  "selectedSceneRelativePath" : "Spring.usda"
}