{
  "advancedEditorSelectedIdentifier" : "BehaviorsPluginID",
  "openSceneRelativePaths" : [
    "Placeholder.usda",
    "Spring.usda",
    "Summer.usda"
  ],
  "recentIdentifiers" : {
    "44D81CC2-1742-49F1-9CD2-0366A00271EB" : [

    ],
    "86FF638F-A196-49CD-BE2E-B4780743AC10" : [

    ],
    "AF09ED6F-1707-48FD-8720-65B998362C09" : [

    ],
    "C85ED2F4-5B27-467B-B6CD-F105220F6511" : [

    ]
  },
  "sceneCameraHistory" : {
    "035ABA9A-6A2F-4C14-B590-C62D55A0B00A" : [
      {
        "date" : 764330717.890247,
        "title" : "Untitled",
        "transform" : [
          -0.999955,
          -2.8854743e-09,
          0.009493136,
          0,
          0.0042290585,
          0.8952883,
          0.4454673,
          0,
          -0.008499066,
          0.44548738,
          -0.89524794,
          0,
          -0.0052227313,
          0.27375433,
          -0.5501346,
          1
        ]
      },
      {
        "date" : 764330714.824253,
        "title" : "Untitled",
        "transform" : [
          -0.9885363,
          -2.8857436e-09,
          -0.15098394,
          0,
          -0.07161213,
          0.8803618,
          0.46886557,
          0,
          0.1329205,
          0.47430286,
          -0.8702695,
          0,
          0.08168035,
          0.29146162,
          -0.5347852,
          1
        ]
      },
      {
        "date" : 764330694.805434,
        "title" : "Untitled",
        "transform" : [
          -0.9885363,
          -2.8857436e-09,
          -0.15098394,
          0,
          -0.07161213,
          0.8803618,
          0.46886557,
          0,
          0.1329205,
          0.47430286,
          -0.8702695,
          0,
          0.056239493,
          0.20068054,
          -0.3682165,
          1
        ]
      }
    ],
    "1AD37192-C17F-4169-878C-A3FE3DD3513A" : [
      {
        "date" : 764308785.463828,
        "title" : "Untitled",
        "transform" : [
          0.6470255,
          3.498072e-09,
          0.7624683,
          0,
          0.29789734,
          0.9205175,
          -0.25279385,
          0,
          -0.7018654,
          0.39070132,
          0.59559846,
          0,
          -1.8152345,
          1.0104709,
          1.5403963,
          1
        ]
      },
      {
        "date" : 764308702.15581,
        "title" : "Untitled",
        "transform" : [
          0.84501994,
          1.0320926e-09,
          0.53473467,
          0,
          0.2909554,
          0.83901274,
          -0.45978543,
          0,
          -0.44864917,
          0.54411185,
          0.7089826,
          0,
          -1.1603414,
          1.4072365,
          1.8336416,
          1
        ]
      },
      {
        "date" : 764308661.759131,
        "title" : "Untitled",
        "transform" : [
          0.872723,
          1.5426469e-09,
          0.48821574,
          0,
          0.27132478,
          0.831351,
          -0.4850139,
          0,
          -0.4058786,
          0.5557478,
          0.7255391,
          0,
          -1.0497239,
          1.4373306,
          1.8764617,
          1
        ]
      }
    ],
    "44D81CC2-1742-49F1-9CD2-0366A00271EB" : [
      {
        "date" : 764353464.535511,
        "title" : "Untitled",
        "transform" : [
          -0.971559,
          -2.386647e-09,
          0.23679768,
          0,
          0.09349468,
          0.91875446,
          0.38360012,
          0,
          -0.21755904,
          0.39482954,
          -0.89262414,
          0,
          -0.11395176,
          0.2639559,
          -0.5381584,
          1
        ]
      },
      {
        "date" : 764353203.347856,
        "title" : "Untitled",
        "transform" : [
          -0.9925631,
          -2.3972575e-09,
          0.12173104,
          0,
          0.055144098,
          0.8915108,
          0.44963065,
          0,
          -0.10852464,
          0.45299956,
          -0.88488066,
          0,
          -0.048053585,
          0.29869056,
          -0.5291997,
          1
        ]
      },
      {
        "date" : 764353200.920964,
        "title" : "Untitled",
        "transform" : [
          -0.926977,
          -4.218943e-09,
          0.37511817,
          0,
          0.11416253,
          0.9525643,
          0.28211388,
          0,
          -0.3573243,
          0.30433756,
          -0.8830052,
          0,
          -0.16064611,
          0.23376314,
          -0.5435658,
          1
        ]
      },
      {
        "date" : 764353189.895386,
        "title" : "Untitled",
        "transform" : [
          -0.9947995,
          -4.9809485e-09,
          0.101853,
          0,
          0.025142426,
          0.9690537,
          0.24556634,
          0,
          -0.09870111,
          0.24685015,
          -0.9640141,
          0,
          -0.046197146,
          0.20798945,
          -0.585933,
          1
        ]
      },
      {
        "date" : 764353178.125152,
        "title" : "Untitled",
        "transform" : [
          -0.9802194,
          -8.999057e-09,
          0.19791403,
          0,
          0.10713178,
          0.8408266,
          0.53059727,
          0,
          -0.16641146,
          0.54130465,
          -0.8241945,
          0,
          -0.07067441,
          0.33590794,
          -0.49265897,
          1
        ]
      },
      {
        "date" : 764353173.973169,
        "title" : "Untitled",
        "transform" : [
          -0.9802194,
          -8.999057e-09,
          0.19791403,
          0,
          0.10713178,
          0.8408266,
          0.53059727,
          0,
          -0.16641144,
          0.5413046,
          -0.8241944,
          0,
          -0.013740879,
          0.33590794,
          -0.5041543,
          1
        ]
      },
      {
        "date" : 764353154.007103,
        "title" : "Untitled",
        "transform" : [
          -0.99261093,
          -6.558672e-09,
          0.12134019,
          0,
          0.091328,
          0.65840846,
          0.74709934,
          0,
          -0.07989147,
          0.7526608,
          -0.6535434,
          0,
          0.02659184,
          0.41926816,
          -0.39848182,
          1
        ]
      },
      {
        "date" : 764353123.779749,
        "title" : "Untitled",
        "transform" : [
          -0.99395084,
          -9.01872e-09,
          0.109825216,
          0,
          0.05590415,
          0.8607497,
          0.50594926,
          0,
          -0.09453209,
          0.5090285,
          -0.8555429,
          0,
          0.018627899,
          0.27506354,
          -0.5120135,
          1
        ]
      },
      {
        "date" : 764353119.576159,
        "title" : "Untitled",
        "transform" : [
          -0.9969415,
          -9.17491e-09,
          0.0781504,
          0,
          0.051252227,
          0.7549213,
          0.65380967,
          0,
          -0.058997452,
          0.6558154,
          -0.75261235,
          0,
          0.03956988,
          0.36174262,
          -0.4516721,
          1
        ]
      },
      {
        "date" : 764353079.245031,
        "title" : "Untitled",
        "transform" : [
          -0.9926528,
          -9.1980015e-09,
          0.12099736,
          0,
          0.07157489,
          0.80627495,
          0.5871948,
          0,
          -0.097557195,
          0.591541,
          -0.8003511,
          0,
          0.016308667,
          0.37738925,
          -0.53743666,
          1
        ]
      }
    ],
    "86FF638F-A196-49CD-BE2E-B4780743AC10" : [
      {
        "date" : 764330868.187255,
        "title" : "Untitled",
        "transform" : [
          0.9999828,
          -3.8136538e-10,
          -0.0058631934,
          0,
          -0.001792464,
          0.95212317,
          -0.30570942,
          0,
          0.0055824826,
          0.30571473,
          0.9521069,
          0,
          0.0022146015,
          0.08053048,
          0.30522466,
          1
        ]
      },
      {
        "date" : 764330826.668332,
        "title" : "Untitled",
        "transform" : [
          0.9997532,
          -5.400958e-10,
          0.022215866,
          0,
          0.0120152095,
          0.841126,
          -0.5407056,
          0,
          -0.018686345,
          0.5408392,
          0.8409185,
          0,
          -0.005665704,
          0.15649757,
          0.2740959,
          1
        ]
      },
      {
        "date" : 764330824.564678,
        "title" : "Untitled",
        "transform" : [
          0.9997532,
          -5.400958e-10,
          0.022215866,
          0,
          0.0120152095,
          0.841126,
          -0.5407056,
          0,
          -0.018686345,
          0.5408392,
          0.8409185,
          0,
          -0.0026072543,
          0.07201734,
          0.12613395,
          1
        ]
      },
      {
        "date" : 764330787.156689,
        "title" : "Untitled",
        "transform" : [
          0.9997531,
          -7.4280804e-10,
          0.022215864,
          0,
          0.012015206,
          0.8411261,
          -0.5407056,
          0,
          -0.018686322,
          0.5408391,
          0.84091854,
          0,
          -0.006921175,
          0.200319,
          0.31146404,
          1
        ]
      },
      {
        "date" : 764330780.737947,
        "title" : "Untitled",
        "transform" : [
          0.9995898,
          -7.5894246e-10,
          -0.028639434,
          0,
          -0.014847964,
          0.85511124,
          -0.5182319,
          0,
          0.024489926,
          0.51844454,
          0.85476047,
          0,
          0.009070681,
          0.1920244,
          0.3165909,
          1
        ]
      },
      {
        "date" : 764330776.872929,
        "title" : "Untitled",
        "transform" : [
          0.99992806,
          -2.9491543e-10,
          -0.011999703,
          0,
          -0.0038987605,
          0.9457469,
          -0.324881,
          0,
          0.011348704,
          0.3249043,
          0.94567883,
          0,
          0.0042033633,
          0.12033991,
          0.35026574,
          1
        ]
      },
      {
        "date" : 764330771.721073,
        "title" : "Untitled",
        "transform" : [
          0.9998223,
          -5.8884825e-10,
          0.018853707,
          0,
          0.012661205,
          0.7409589,
          -0.6714309,
          0,
          -0.013969797,
          0.6715502,
          0.7408272,
          0,
          -0.0051742434,
          0.24873255,
          0.27439168,
          1
        ]
      },
      {
        "date" : 764330738.246786,
        "title" : "Untitled",
        "transform" : [
          0.9999162,
          -3.26422e-10,
          -0.012949596,
          0,
          -0.0041707223,
          0.9467148,
          -0.32204604,
          0,
          0.012259597,
          0.32207304,
          0.9466354,
          0,
          0.004540745,
          0.119291246,
          0.3506201,
          1
        ]
      },
      {
        "date" : 764330735.003463,
        "title" : "Untitled",
        "transform" : [
          0.9999162,
          -3.26422e-10,
          -0.012949596,
          0,
          -0.0041707223,
          0.9467148,
          -0.32204604,
          0,
          0.012259597,
          0.32207304,
          0.9466354,
          0,
          0.0049870284,
          0.13101561,
          0.38508025,
          1
        ]
      },
      {
        "date" : 764330730.730129,
        "title" : "Untitled",
        "transform" : [
          0.99975854,
          -4.3051782e-10,
          0.021974571,
          0,
          0.014385964,
          0.7559197,
          -0.6545063,
          0,
          -0.016610987,
          0.6546644,
          0.7557371,
          0,
          -0.006757189,
          0.2663099,
          0.30742505,
          1
        ]
      }
    ],
    "AF09ED6F-1707-48FD-8720-65B998362C09" : [
      {
        "date" : 764330660.656628,
        "title" : "Untitled",
        "transform" : [
          -0.9055887,
          9.690361e-09,
          0.42415684,
          0,
          0.23615435,
          0.8306723,
          0.5041968,
          0,
          -0.35233578,
          0.5567616,
          -0.7522473,
          0,
          -0.15538387,
          0.25563645,
          -0.44209746,
          1
        ]
      },
      {
        "date" : 764330632.071728,
        "title" : "Untitled",
        "transform" : [
          -0.8645373,
          5.339219e-09,
          0.50256854,
          0,
          0.37264696,
          0.67096984,
          0.64104104,
          0,
          -0.3372087,
          0.7414847,
          -0.5800782,
          0,
          -0.15574244,
          0.36101937,
          -0.36104515,
          1
        ]
      },
      {
        "date" : 764330563.886943,
        "title" : "Untitled",
        "transform" : [
          -0.8123932,
          4.860296e-09,
          0.5831099,
          0,
          0.38719633,
          0.7477154,
          0.5394447,
          0,
          -0.4360006,
          0.66401947,
          -0.6074386,
          0,
          -0.18372376,
          0.2752134,
          -0.3257922,
          1
        ]
      },
      {
        "date" : 764330561.942824,
        "title" : "Untitled",
        "transform" : [
          -0.8123932,
          4.860296e-09,
          0.5831099,
          0,
          0.38719633,
          0.7477154,
          0.5394447,
          0,
          -0.43600065,
          0.6640195,
          -0.6074387,
          0,
          -0.22930187,
          0.34348816,
          -0.4066145,
          1
        ]
      },
      {
        "date" : 764330527.287562,
        "title" : "Untitled",
        "transform" : [
          -0.99377656,
          9.10261e-10,
          0.11139157,
          0,
          0.06597507,
          0.8057327,
          0.58859324,
          0,
          -0.08975227,
          0.5922795,
          -0.8007182,
          0,
          -0.0052940487,
          0.25119388,
          -0.45409214,
          1
        ]
      },
      {
        "date" : 764330519.3868,
        "title" : "Untitled",
        "transform" : [
          -0.99180704,
          1.410821e-09,
          0.12774558,
          0,
          0.05011812,
          0.91982603,
          0.38911211,
          0,
          -0.117504135,
          0.3923267,
          -0.9122898,
          0,
          -0.01604127,
          0.1564669,
          -0.41654974,
          1
        ]
      },
      {
        "date" : 764330499.110727,
        "title" : "Untitled",
        "transform" : [
          -0.8873281,
          6.670904e-10,
          0.46113878,
          0,
          0.22753096,
          0.8697965,
          0.43781713,
          0,
          -0.4010972,
          0.49341094,
          -0.7717945,
          0,
          -0.16296613,
          0.2211561,
          -0.40204605,
          1
        ]
      },
      {
        "date" : 764330488.473497,
        "title" : "Untitled",
        "transform" : [
          -0.8873281,
          6.670904e-10,
          0.46113878,
          0,
          0.22753096,
          0.8697965,
          0.43781713,
          0,
          -0.4010972,
          0.49341094,
          -0.7717945,
          0,
          -0.12413271,
          0.16845652,
          -0.3062419,
          1
        ]
      },
      {
        "date" : 764330447.050286,
        "title" : "Untitled",
        "transform" : [
          -0.99867743,
          6.0341554e-09,
          0.051416058,
          0,
          0.027627688,
          0.8433699,
          0.5366228,
          0,
          -0.04336303,
          0.5373337,
          -0.8422543,
          0,
          0.023673216,
          0.30045363,
          -0.52121073,
          1
        ]
      },
      {
        "date" : 764330444.736456,
        "title" : "Untitled",
        "transform" : [
          -0.9999559,
          6.7385315e-09,
          0.009393215,
          0,
          0.002009743,
          0.97684586,
          0.2139349,
          0,
          -0.009176007,
          0.21394454,
          -0.97680277,
          0,
          0.044886727,
          0.10318805,
          -0.591465,
          1
        ]
      }
    ],
    "C85ED2F4-5B27-467B-B6CD-F105220F6511" : [
      {
        "date" : 764353100.276134,
        "title" : "Untitled",
        "transform" : [
          -0.9999195,
          7.44886e-09,
          -0.012696634,
          0,
          -0.005399983,
          0.9050504,
          0.4252701,
          0,
          0.011491101,
          0.42530465,
          -0.9049773,
          0,
          0.12512952,
          0.49795654,
          -0.6885601,
          1
        ]
      },
      {
        "date" : 764352577.063142,
        "title" : "Untitled",
        "transform" : [
          -0.9999949,
          7.49421e-09,
          -0.0032148622,
          0,
          -0.0009448347,
          0.9558421,
          0.29387924,
          0,
          0.0030729088,
          0.29388103,
          -0.9558371,
          0,
          0.11879798,
          0.39602333,
          -0.75285167,
          1
        ]
      },
      {
        "date" : 764352555.654509,
        "title" : "Untitled",
        "transform" : [
          -0.99532604,
          7.409823e-09,
          0.09657215,
          0,
          0.012590662,
          0.9914646,
          0.12976682,
          0,
          -0.095747866,
          0.13037647,
          -0.9868305,
          0,
          0.06545554,
          0.2271263,
          -0.5304575,
          1
        ]
      },
      {
        "date" : 764352526.771301,
        "title" : "Untitled",
        "transform" : [
          -0.8995193,
          7.2110815e-09,
          0.4368811,
          0,
          0.069878384,
          0.98712546,
          0.14387669,
          0,
          -0.43125635,
          0.15994866,
          -0.8879382,
          0,
          -0.12015138,
          0.24261484,
          -0.51376796,
          1
        ]
      },
      {
        "date" : 764352494.988691,
        "title" : "Untitled",
        "transform" : [
          -0.5997024,
          -6.957693e-09,
          0.8002231,
          0,
          0.43940666,
          0.8357533,
          0.32929975,
          0,
          -0.668789,
          0.54910547,
          -0.5012032,
          0,
          -0.12864496,
          0.2844117,
          -0.28681946,
          1
        ]
      },
      {
        "date" : 764352490.175354,
        "title" : "Untitled",
        "transform" : [
          -0.99835896,
          -8.350381e-09,
          0.05726656,
          0,
          0.026159165,
          0.88957083,
          0.4560476,
          0,
          -0.050942697,
          0.45679754,
          -0.8881109,
          0,
          0.029095342,
          0.2622895,
          -0.36152393,
          1
        ]
      },
      {
        "date" : 764352483.436174,
        "title" : "Untitled",
        "transform" : [
          -0.99753606,
          -8.380113e-09,
          0.07015605,
          0,
          0.03435429,
          0.87189966,
          0.48847795,
          0,
          -0.06116907,
          0.4896848,
          -0.8697512,
          0,
          0.026905295,
          0.27036983,
          -0.35196066,
          1
        ]
      },
      {
        "date" : 764352452.748669,
        "title" : "Untitled",
        "transform" : [
          -0.99806255,
          -8.320698e-09,
          0.06221786,
          0,
          0.033846416,
          0.8390859,
          0.542945,
          0,
          -0.052206155,
          0.5439992,
          -0.83746,
          0,
          0.03232561,
          0.43893197,
          -0.610012,
          1
        ]
      },
      {
        "date" : 764352442.09043,
        "title" : "Untitled",
        "transform" : [
          -0.99796134,
          -8.3765475e-09,
          0.06382127,
          0,
          0.035454825,
          0.83149403,
          0.5544012,
          0,
          -0.053067032,
          0.55553395,
          -0.8297987,
          0,
          0.03166089,
          0.44806665,
          -0.6036751,
          1
        ]
      },
      {
        "date" : 764352396.062058,
        "title" : "Untitled",
        "transform" : [
          -0.99915135,
          -8.684873e-09,
          0.041191835,
          0,
          0.018442634,
          0.8941705,
          0.4473466,
          0,
          -0.036832564,
          0.44772676,
          -0.8934115,
          0,
          0.04322677,
          0.36985406,
          -0.6538573,
          1
        ]
      }
    ]
  },
  "sceneViewportBackgroundColors" : {

  },
  "selectedSceneRelativePath" : "Summer.usda"
}