{
  "advancedEditorSelectedIdentifier" : "ProjectBrowser",
  "openSceneRelativePaths" : [
    "Immersive.usda"
  ],
  "recentIdentifiers" : {
    "AF09ED6F-1707-48FD-8720-65B998362C09" : [

    ]
  },
  "sceneCameraHistory" : {
    "1AD37192-C17F-4169-878C-A3FE3DD3513A" : [
      {
        "date" : 764308785.463828,
        "title" : "Untitled",
        "transform" : [
          0.6470255,
          3.498072e-09,
          0.7624683,
          0,
          0.29789734,
          0.9205175,
          -0.25279385,
          0,
          -0.7018654,
          0.39070132,
          0.59559846,
          0,
          -1.8152345,
          1.0104709,
          1.5403963,
          1
        ]
      },
      {
        "date" : 764308702.15581,
        "title" : "Untitled",
        "transform" : [
          0.84501994,
          1.0320926e-09,
          0.53473467,
          0,
          0.2909554,
          0.83901274,
          -0.45978543,
          0,
          -0.44864917,
          0.54411185,
          0.7089826,
          0,
          -1.1603414,
          1.4072365,
          1.8336416,
          1
        ]
      },
      {
        "date" : 764308661.759131,
        "title" : "Untitled",
        "transform" : [
          0.872723,
          1.5426469e-09,
          0.48821574,
          0,
          0.27132478,
          0.831351,
          -0.4850139,
          0,
          -0.4058786,
          0.5557478,
          0.7255391,
          0,
          -1.0497239,
          1.4373306,
          1.8764617,
          1
        ]
      }
    ],
    "AF09ED6F-1707-48FD-8720-65B998362C09" : [
      {
        "date" : 764317494.499862,
        "title" : "Untitled",
        "transform" : [
          -0.98681647,
          -2.5784788e-09,
          -0.16184382,
          0,
          -0.01807753,
          0.9937423,
          0.1102246,
          0,
          0.16083112,
          0.11169715,
          -0.9806412,
          0,
          -0.081680864,
          0.22140011,
          -0.6359396,
          1
        ]
      },
      {
        "date" : 764317488.884851,
        "title" : "Untitled",
        "transform" : [
          -0.9858302,
          -2.321885e-09,
          -0.16774675,
          0,
          -0.000842594,
          0.9999875,
          0.004951644,
          0,
          0.16774471,
          0.0050227945,
          -0.9858177,
          0,
          0.05807487,
          0.20968267,
          -0.63398147,
          1
        ]
      },
      {
        "date" : 764317485.18197,
        "title" : "Untitled",
        "transform" : [
          -0.9978724,
          2.7276066e-09,
          -0.06519828,
          0,
          -0.028764272,
          0.89741814,
          0.4402424,
          0,
          0.05851018,
          0.44118103,
          -0.8955087,
          0,
          -0.026807502,
          0.49426067,
          -0.4591529,
          1
        ]
      },
      {
        "date" : 764317481.21663,
        "title" : "Untitled",
        "transform" : [
          -0.9974642,
          2.1872884e-09,
          -0.0711691,
          0,
          -0.024665149,
          0.93802387,
          0.34569183,
          0,
          0.06675839,
          0.3465706,
          -0.9356453,
          0,
          -0.02009324,
          0.43646112,
          -0.50818574,
          1
        ]
      },
      {
        "date" : 764317474.030599,
        "title" : "Untitled",
        "transform" : [
          -0.99863434,
          2.589633e-09,
          -0.05224425,
          0,
          -0.007915246,
          0.98845667,
          0.15129721,
          0,
          0.05164124,
          0.15150408,
          -0.98710674,
          0,
          -0.025689997,
          0.32627848,
          -0.58483946,
          1
        ]
      },
      {
        "date" : 764316566.869865,
        "title" : "Untitled",
        "transform" : [
          -0.99863434,
          2.589633e-09,
          -0.05224425,
          0,
          -0.007915246,
          0.98845667,
          0.15129721,
          0,
          0.05164124,
          0.15150408,
          -0.98710674,
          0,
          -0.036592647,
          0.19500744,
          -0.60287625,
          1
        ]
      },
      {
        "date" : 764316564.217649,
        "title" : "Untitled",
        "transform" : [
          -0.99883294,
          2.1903235e-09,
          -0.0482974,
          0,
          -0.013635014,
          0.9593224,
          0.28198358,
          0,
          0.046332844,
          0.28231296,
          -0.9582027,
          0,
          -0.039659433,
          0.24905461,
          -0.5735803,
          1
        ]
      },
      {
        "date" : 764316559.001611,
        "title" : "Untitled",
        "transform" : [
          -0.99612325,
          2.2654323e-09,
          -0.08796781,
          0,
          -0.052298784,
          0.8040798,
          0.5922167,
          0,
          0.070733204,
          0.5945214,
          -0.80096257,
          0,
          -0.03416267,
          0.36694992,
          -0.4597826,
          1
        ]
      },
      {
        "date" : 764316539.561574,
        "title" : "Untitled",
        "transform" : [
          -0.99644715,
          1.2568215e-09,
          -0.084219925,
          0,
          -0.04515273,
          0.8441365,
          0.53422356,
          0,
          0.07109316,
          0.5361282,
          -0.8411374,
          0,
          -0.07312359,
          0.39991954,
          -0.4546698,
          1
        ]
      },
      {
        "date" : 764316520.900235,
        "title" : "Untitled",
        "transform" : [
          -0.9969289,
          1.2332606e-09,
          -0.07831177,
          0,
          -0.023458848,
          0.95407856,
          0.29863667,
          0,
          0.07471562,
          0.29955652,
          -0.95114845,
          0,
          -0.067217685,
          0.19506596,
          -0.56505007,
          1
        ]
      }
    ]
  },
  "sceneViewportBackgroundColors" : {

  },
  "selectedSceneRelativePath" : "Immersive.usda"
}