{
  "advancedEditorSelectedIdentifier" : "ProjectBrowser",
  "openSceneRelativePaths" : [
    "Immersive.usda"
  ],
  "recentIdentifiers" : {
    "AF09ED6F-1707-48FD-8720-65B998362C09" : [

    ]
  },
  "sceneCameraHistory" : {
    "1AD37192-C17F-4169-878C-A3FE3DD3513A" : [
      {
        "date" : 764308785.463828,
        "title" : "Untitled",
        "transform" : [
          0.6470255,
          3.498072e-09,
          0.7624683,
          0,
          0.29789734,
          0.9205175,
          -0.25279385,
          0,
          -0.7018654,
          0.39070132,
          0.59559846,
          0,
          -1.8152345,
          1.0104709,
          1.5403963,
          1
        ]
      },
      {
        "date" : 764308702.15581,
        "title" : "Untitled",
        "transform" : [
          0.84501994,
          1.0320926e-09,
          0.53473467,
          0,
          0.2909554,
          0.83901274,
          -0.45978543,
          0,
          -0.44864917,
          0.54411185,
          0.7089826,
          0,
          -1.1603414,
          1.4072365,
          1.8336416,
          1
        ]
      },
      {
        "date" : 764308661.759131,
        "title" : "Untitled",
        "transform" : [
          0.872723,
          1.5426469e-09,
          0.48821574,
          0,
          0.27132478,
          0.831351,
          -0.4850139,
          0,
          -0.4058786,
          0.5557478,
          0.7255391,
          0,
          -1.0497239,
          1.4373306,
          1.8764617,
          1
        ]
      }
    ],
    "AF09ED6F-1707-48FD-8720-65B998362C09" : [
      {
        "date" : 764311682.50303,
        "title" : "Untitled",
        "transform" : [
          0.9940962,
          3.801021e-09,
          -0.10850139,
          0,
          -0.06416544,
          0.8063935,
          -0.58788806,
          0,
          0.08749478,
          0.5913792,
          0.8016328,
          0,
          0.021227604,
          0.3161904,
          0.46331125,
          1
        ]
      },
      {
        "date" : 764311601.77471,
        "title" : "Untitled",
        "transform" : [
          0.99334407,
          3.974617e-09,
          -0.11518492,
          0,
          -0.051203515,
          0.89576215,
          -0.44157472,
          0,
          0.103178285,
          0.44453347,
          0.88980013,
          0,
          0.021618295,
          0.19602527,
          0.43965852,
          1
        ]
      },
      {
        "date" : 764311598.694428,
        "title" : "Untitled",
        "transform" : [
          0.9901672,
          4.256812e-09,
          -0.13988888,
          0,
          -0.05660499,
          0.9144748,
          -0.40066403,
          0,
          0.12792486,
          0.40464273,
          0.905483,
          0,
          0.032997593,
          0.174234,
          0.4420705,
          1
        ]
      },
      {
        "date" : 764311588.38329,
        "title" : "Untitled",
        "transform" : [
          0.9999532,
          1.864534e-09,
          -0.009672097,
          0,
          -0.001479488,
          0.9882317,
          -0.1529574,
          0,
          0.009558246,
          0.15296453,
          0.9881855,
          0,
          -0.004522259,
          0.10416744,
          0.39810324,
          1
        ]
      },
      {
        "date" : 764311566.310275,
        "title" : "Untitled",
        "transform" : [
          0.9999532,
          1.864534e-09,
          -0.009672097,
          0,
          -0.001479488,
          0.9882317,
          -0.1529574,
          0,
          0.009558246,
          0.15296453,
          0.9881855,
          0,
          -0.006646903,
          0.1531073,
          0.5851398,
          1
        ]
      },
      {
        "date" : 764311557.52122,
        "title" : "Untitled",
        "transform" : [
          0.9982333,
          1.8308244e-09,
          -0.059415318,
          0,
          -0.0312853,
          0.8501425,
          -0.52562255,
          0,
          0.05051146,
          0.5265528,
          0.8486406,
          0,
          0.0046793837,
          0.2589232,
          0.38660052,
          1
        ]
      },
      {
        "date" : 764311548.13846,
        "title" : "Untitled",
        "transform" : [
          0.9991858,
          1.8373301e-09,
          -0.040345114,
          0,
          -0.0049623996,
          0.99240685,
          -0.12289873,
          0,
          0.04003874,
          0.12299887,
          0.99159884,
          0,
          0.0026460106,
          0.118328705,
          0.4687462,
          1
        ]
      },
      {
        "date" : 764311536.142971,
        "title" : "Untitled",
        "transform" : [
          0.9991858,
          1.8373301e-09,
          -0.040345114,
          0,
          -0.0049623996,
          0.99240685,
          -0.12289873,
          0,
          0.04003874,
          0.12299887,
          0.99159884,
          0,
          0.0022546805,
          0.09934962,
          0.39942127,
          1
        ]
      },
      {
        "date" : 764311510.83455,
        "title" : "Untitled",
        "transform" : [
          0.9991859,
          1.8373303e-09,
          -0.040345117,
          0,
          -0.0049623996,
          0.99240685,
          -0.12289873,
          0,
          0.04003874,
          0.12299887,
          0.99159884,
          0,
          0.0032621324,
          0.1437417,
          0.5778935,
          1
        ]
      },
      {
        "date" : 764311491.437127,
        "title" : "Untitled",
        "transform" : [
          0.9990824,
          1.7885202e-09,
          -0.042831868,
          0,
          -0.017920151,
          0.9082704,
          -0.41799977,
          0,
          0.038902886,
          0.41838372,
          0.9074369,
          0,
          0.0016261769,
          0.27886498,
          0.512574,
          1
        ]
      }
    ]
  },
  "sceneViewportBackgroundColors" : {

  },
  "selectedSceneRelativePath" : "Immersive.usda"
}