{
  "advancedEditorSelectedIdentifier" : "ProjectBrowser",
  "openSceneRelativePaths" : [
    "Immersive.usda",
    "Placeholder.usda"
  ],
  "recentIdentifiers" : {
    "AF09ED6F-1707-48FD-8720-65B998362C09" : [

    ]
  },
  "sceneCameraHistory" : {
    "1AD37192-C17F-4169-878C-A3FE3DD3513A" : [
      {
        "date" : 764308785.463828,
        "title" : "Untitled",
        "transform" : [
          0.6470255,
          3.498072e-09,
          0.7624683,
          0,
          0.29789734,
          0.9205175,
          -0.25279385,
          0,
          -0.7018654,
          0.39070132,
          0.59559846,
          0,
          -1.8152345,
          1.0104709,
          1.5403963,
          1
        ]
      },
      {
        "date" : 764308702.15581,
        "title" : "Untitled",
        "transform" : [
          0.84501994,
          1.0320926e-09,
          0.53473467,
          0,
          0.2909554,
          0.83901274,
          -0.45978543,
          0,
          -0.44864917,
          0.54411185,
          0.7089826,
          0,
          -1.1603414,
          1.4072365,
          1.8336416,
          1
        ]
      },
      {
        "date" : 764308661.759131,
        "title" : "Untitled",
        "transform" : [
          0.872723,
          1.5426469e-09,
          0.48821574,
          0,
          0.27132478,
          0.831351,
          -0.4850139,
          0,
          -0.4058786,
          0.5557478,
          0.7255391,
          0,
          -1.0497239,
          1.4373306,
          1.8764617,
          1
        ]
      }
    ],
    "86FF638F-A196-49CD-BE2E-B4780743AC10" : [
      {
        "date" : 764329157.016334,
        "title" : "Untitled",
        "transform" : [
          0.99849296,
          -1.0366432e-09,
          0.054880306,
          0,
          0.019127652,
          0.9372963,
          -0.34800872,
          0,
          -0.051439103,
          0.34853396,
          0.9358837,
          0,
          -0.13303696,
          0.90141344,
          2.4204757,
          1
        ]
      }
    ],
    "AF09ED6F-1707-48FD-8720-65B998362C09" : [
      {
        "date" : 764328277.997875,
        "title" : "Untitled",
        "transform" : [
          0.9261099,
          1.2467742e-09,
          0.3772538,
          0,
          0.1884196,
          0.86634237,
          -0.46254623,
          0,
          -0.32683095,
          0.4994508,
          0.80232817,
          0,
          0.04062753,
          0.24071126,
          0.22483829,
          1
        ]
      },
      {
        "date" : 764328255.634304,
        "title" : "Untitled",
        "transform" : [
          -0.11441674,
          2.4131683e-09,
          0.99343276,
          0,
          0.38058722,
          0.92370564,
          0.043833397,
          0,
          -0.91763943,
          0.3831033,
          -0.105687484,
          0,
          -0.28029245,
          0.14786986,
          -0.13571237,
          1
        ]
      },
      {
        "date" : 764328214.484952,
        "title" : "Untitled",
        "transform" : [
          0.92606044,
          1.4289376e-09,
          0.3773753,
          0,
          0.20664449,
          0.8367511,
          -0.5070954,
          0,
          -0.31576926,
          0.5475837,
          0.7748819,
          0,
          -0.07903254,
          0.19724022,
          0.11640024,
          1
        ]
      },
      {
        "date" : 764327767.334157,
        "title" : "Untitled",
        "transform" : [
          0.052158706,
          1.3610222e-09,
          0.9986388,
          0,
          0.56302625,
          0.82591575,
          -0.029406771,
          0,
          -0.82479143,
          0.56379384,
          0.04307859,
          0,
          -0.24304017,
          0.20203972,
          -0.09081896,
          1
        ]
      },
      {
        "date" : 764327754.448114,
        "title" : "Untitled",
        "transform" : [
          -0.99974537,
          5.386869e-10,
          -0.022565216,
          0,
          -0.008808667,
          0.9206599,
          0.39026645,
          0,
          0.02077499,
          0.390366,
          -0.9204254,
          0,
          -0.009451,
          0.15007302,
          -0.3987307,
          1
        ]
      },
      {
        "date" : 764327628.278729,
        "title" : "Untitled",
        "transform" : [
          -0.9875509,
          6.2484273e-10,
          -0.15729992,
          0,
          -0.049281493,
          0.9496554,
          0.30939624,
          0,
          0.14938082,
          0.31329662,
          -0.93783295,
          0,
          0.037455704,
          0.15729028,
          -0.47887745,
          1
        ]
      },
      {
        "date" : 764327621.771981,
        "title" : "Untitled",
        "transform" : [
          -0.996807,
          3.2676886e-10,
          0.07984883,
          0,
          0.027546965,
          0.93860686,
          0.34388712,
          0,
          -0.07494655,
          0.34498882,
          -0.9356098,
          0,
          -0.047899425,
          0.16931632,
          -0.47211283,
          1
        ]
      },
      {
        "date" : 764326871.034309,
        "title" : "Untitled",
        "transform" : [
          -0.99706614,
          3.328111e-10,
          -0.07654495,
          0,
          -0.027503725,
          0.9332164,
          0.35826072,
          0,
          0.07143311,
          0.359315,
          -0.93047845,
          0,
          0.007495422,
          0.17473823,
          -0.47264066,
          1
        ]
      },
      {
        "date" : 764326864.843294,
        "title" : "Untitled",
        "transform" : [
          -0.99706614,
          3.328111e-10,
          -0.07654495,
          0,
          -0.027503725,
          0.9332164,
          0.35826072,
          0,
          0.07143311,
          0.359315,
          -0.93047845,
          0,
          0.008825522,
          0.12960738,
          -0.48996633,
          1
        ]
      },
      {
        "date" : 764326811.673991,
        "title" : "Untitled",
        "transform" : [
          -0.9997306,
          1.5060599e-09,
          -0.023210859,
          0,
          -0.014007735,
          0.79736316,
          0.60333717,
          0,
          0.018507596,
          0.6034998,
          -0.7971483,
          0,
          -0.01834223,
          0.24121499,
          -0.4466682,
          1
        ]
      }
    ]
  },
  "sceneViewportBackgroundColors" : {

  },
  "selectedSceneRelativePath" : "Placeholder.usda"
}