{
  "advancedEditorSelectedIdentifier" : "BehaviorsPluginID",
  "openSceneRelativePaths" : [
    "Placeholder.usda",
    "Spring.usda",
    "Springのコピー.usda"
  ],
  "recentIdentifiers" : {
    "86FF638F-A196-49CD-BE2E-B4780743AC10" : [

    ],
    "AF09ED6F-1707-48FD-8720-65B998362C09" : [

    ]
  },
  "sceneCameraHistory" : {
    "035ABA9A-6A2F-4C14-B590-C62D55A0B00A" : [
      {
        "date" : 764330717.890247,
        "title" : "Untitled",
        "transform" : [
          -0.999955,
          -2.8854743e-09,
          0.009493136,
          0,
          0.0042290585,
          0.8952883,
          0.4454673,
          0,
          -0.008499066,
          0.44548738,
          -0.89524794,
          0,
          -0.0052227313,
          0.27375433,
          -0.5501346,
          1
        ]
      },
      {
        "date" : 764330714.824253,
        "title" : "Untitled",
        "transform" : [
          -0.9885363,
          -2.8857436e-09,
          -0.15098394,
          0,
          -0.07161213,
          0.8803618,
          0.46886557,
          0,
          0.1329205,
          0.47430286,
          -0.8702695,
          0,
          0.08168035,
          0.29146162,
          -0.5347852,
          1
        ]
      },
      {
        "date" : 764330694.805434,
        "title" : "Untitled",
        "transform" : [
          -0.9885363,
          -2.8857436e-09,
          -0.15098394,
          0,
          -0.07161213,
          0.8803618,
          0.46886557,
          0,
          0.1329205,
          0.47430286,
          -0.8702695,
          0,
          0.056239493,
          0.20068054,
          -0.3682165,
          1
        ]
      }
    ],
    "1AD37192-C17F-4169-878C-A3FE3DD3513A" : [
      {
        "date" : 764308785.463828,
        "title" : "Untitled",
        "transform" : [
          0.6470255,
          3.498072e-09,
          0.7624683,
          0,
          0.29789734,
          0.9205175,
          -0.25279385,
          0,
          -0.7018654,
          0.39070132,
          0.59559846,
          0,
          -1.8152345,
          1.0104709,
          1.5403963,
          1
        ]
      },
      {
        "date" : 764308702.15581,
        "title" : "Untitled",
        "transform" : [
          0.84501994,
          1.0320926e-09,
          0.53473467,
          0,
          0.2909554,
          0.83901274,
          -0.45978543,
          0,
          -0.44864917,
          0.54411185,
          0.7089826,
          0,
          -1.1603414,
          1.4072365,
          1.8336416,
          1
        ]
      },
      {
        "date" : 764308661.759131,
        "title" : "Untitled",
        "transform" : [
          0.872723,
          1.5426469e-09,
          0.48821574,
          0,
          0.27132478,
          0.831351,
          -0.4850139,
          0,
          -0.4058786,
          0.5557478,
          0.7255391,
          0,
          -1.0497239,
          1.4373306,
          1.8764617,
          1
        ]
      }
    ],
    "86FF638F-A196-49CD-BE2E-B4780743AC10" : [
      {
        "date" : 764330868.187255,
        "title" : "Untitled",
        "transform" : [
          0.9999828,
          -3.8136538e-10,
          -0.0058631934,
          0,
          -0.001792464,
          0.95212317,
          -0.30570942,
          0,
          0.0055824826,
          0.30571473,
          0.9521069,
          0,
          0.0022146015,
          0.08053048,
          0.30522466,
          1
        ]
      },
      {
        "date" : 764330826.668332,
        "title" : "Untitled",
        "transform" : [
          0.9997532,
          -5.400958e-10,
          0.022215866,
          0,
          0.0120152095,
          0.841126,
          -0.5407056,
          0,
          -0.018686345,
          0.5408392,
          0.8409185,
          0,
          -0.005665704,
          0.15649757,
          0.2740959,
          1
        ]
      },
      {
        "date" : 764330824.564678,
        "title" : "Untitled",
        "transform" : [
          0.9997532,
          -5.400958e-10,
          0.022215866,
          0,
          0.0120152095,
          0.841126,
          -0.5407056,
          0,
          -0.018686345,
          0.5408392,
          0.8409185,
          0,
          -0.0026072543,
          0.07201734,
          0.12613395,
          1
        ]
      },
      {
        "date" : 764330787.156689,
        "title" : "Untitled",
        "transform" : [
          0.9997531,
          -7.4280804e-10,
          0.022215864,
          0,
          0.012015206,
          0.8411261,
          -0.5407056,
          0,
          -0.018686322,
          0.5408391,
          0.84091854,
          0,
          -0.006921175,
          0.200319,
          0.31146404,
          1
        ]
      },
      {
        "date" : 764330780.737947,
        "title" : "Untitled",
        "transform" : [
          0.9995898,
          -7.5894246e-10,
          -0.028639434,
          0,
          -0.014847964,
          0.85511124,
          -0.5182319,
          0,
          0.024489926,
          0.51844454,
          0.85476047,
          0,
          0.009070681,
          0.1920244,
          0.3165909,
          1
        ]
      },
      {
        "date" : 764330776.872929,
        "title" : "Untitled",
        "transform" : [
          0.99992806,
          -2.9491543e-10,
          -0.011999703,
          0,
          -0.0038987605,
          0.9457469,
          -0.324881,
          0,
          0.011348704,
          0.3249043,
          0.94567883,
          0,
          0.0042033633,
          0.12033991,
          0.35026574,
          1
        ]
      },
      {
        "date" : 764330771.721073,
        "title" : "Untitled",
        "transform" : [
          0.9998223,
          -5.8884825e-10,
          0.018853707,
          0,
          0.012661205,
          0.7409589,
          -0.6714309,
          0,
          -0.013969797,
          0.6715502,
          0.7408272,
          0,
          -0.0051742434,
          0.24873255,
          0.27439168,
          1
        ]
      },
      {
        "date" : 764330738.246786,
        "title" : "Untitled",
        "transform" : [
          0.9999162,
          -3.26422e-10,
          -0.012949596,
          0,
          -0.0041707223,
          0.9467148,
          -0.32204604,
          0,
          0.012259597,
          0.32207304,
          0.9466354,
          0,
          0.004540745,
          0.119291246,
          0.3506201,
          1
        ]
      },
      {
        "date" : 764330735.003463,
        "title" : "Untitled",
        "transform" : [
          0.9999162,
          -3.26422e-10,
          -0.012949596,
          0,
          -0.0041707223,
          0.9467148,
          -0.32204604,
          0,
          0.012259597,
          0.32207304,
          0.9466354,
          0,
          0.0049870284,
          0.13101561,
          0.38508025,
          1
        ]
      },
      {
        "date" : 764330730.730129,
        "title" : "Untitled",
        "transform" : [
          0.99975854,
          -4.3051782e-10,
          0.021974571,
          0,
          0.014385964,
          0.7559197,
          -0.6545063,
          0,
          -0.016610987,
          0.6546644,
          0.7557371,
          0,
          -0.006757189,
          0.2663099,
          0.30742505,
          1
        ]
      }
    ],
    "AF09ED6F-1707-48FD-8720-65B998362C09" : [
      {
        "date" : 764330660.656628,
        "title" : "Untitled",
        "transform" : [
          -0.9055887,
          9.690361e-09,
          0.42415684,
          0,
          0.23615435,
          0.8306723,
          0.5041968,
          0,
          -0.35233578,
          0.5567616,
          -0.7522473,
          0,
          -0.15538387,
          0.25563645,
          -0.44209746,
          1
        ]
      },
      {
        "date" : 764330632.071728,
        "title" : "Untitled",
        "transform" : [
          -0.8645373,
          5.339219e-09,
          0.50256854,
          0,
          0.37264696,
          0.67096984,
          0.64104104,
          0,
          -0.3372087,
          0.7414847,
          -0.5800782,
          0,
          -0.15574244,
          0.36101937,
          -0.36104515,
          1
        ]
      },
      {
        "date" : 764330563.886943,
        "title" : "Untitled",
        "transform" : [
          -0.8123932,
          4.860296e-09,
          0.5831099,
          0,
          0.38719633,
          0.7477154,
          0.5394447,
          0,
          -0.4360006,
          0.66401947,
          -0.6074386,
          0,
          -0.18372376,
          0.2752134,
          -0.3257922,
          1
        ]
      },
      {
        "date" : 764330561.942824,
        "title" : "Untitled",
        "transform" : [
          -0.8123932,
          4.860296e-09,
          0.5831099,
          0,
          0.38719633,
          0.7477154,
          0.5394447,
          0,
          -0.43600065,
          0.6640195,
          -0.6074387,
          0,
          -0.22930187,
          0.34348816,
          -0.4066145,
          1
        ]
      },
      {
        "date" : 764330527.287562,
        "title" : "Untitled",
        "transform" : [
          -0.99377656,
          9.10261e-10,
          0.11139157,
          0,
          0.06597507,
          0.8057327,
          0.58859324,
          0,
          -0.08975227,
          0.5922795,
          -0.8007182,
          0,
          -0.0052940487,
          0.25119388,
          -0.45409214,
          1
        ]
      },
      {
        "date" : 764330519.3868,
        "title" : "Untitled",
        "transform" : [
          -0.99180704,
          1.410821e-09,
          0.12774558,
          0,
          0.05011812,
          0.91982603,
          0.38911211,
          0,
          -0.117504135,
          0.3923267,
          -0.9122898,
          0,
          -0.01604127,
          0.1564669,
          -0.41654974,
          1
        ]
      },
      {
        "date" : 764330499.110727,
        "title" : "Untitled",
        "transform" : [
          -0.8873281,
          6.670904e-10,
          0.46113878,
          0,
          0.22753096,
          0.8697965,
          0.43781713,
          0,
          -0.4010972,
          0.49341094,
          -0.7717945,
          0,
          -0.16296613,
          0.2211561,
          -0.40204605,
          1
        ]
      },
      {
        "date" : 764330488.473497,
        "title" : "Untitled",
        "transform" : [
          -0.8873281,
          6.670904e-10,
          0.46113878,
          0,
          0.22753096,
          0.8697965,
          0.43781713,
          0,
          -0.4010972,
          0.49341094,
          -0.7717945,
          0,
          -0.12413271,
          0.16845652,
          -0.3062419,
          1
        ]
      },
      {
        "date" : 764330447.050286,
        "title" : "Untitled",
        "transform" : [
          -0.99867743,
          6.0341554e-09,
          0.051416058,
          0,
          0.027627688,
          0.8433699,
          0.5366228,
          0,
          -0.04336303,
          0.5373337,
          -0.8422543,
          0,
          0.023673216,
          0.30045363,
          -0.52121073,
          1
        ]
      },
      {
        "date" : 764330444.736456,
        "title" : "Untitled",
        "transform" : [
          -0.9999559,
          6.7385315e-09,
          0.009393215,
          0,
          0.002009743,
          0.97684586,
          0.2139349,
          0,
          -0.009176007,
          0.21394454,
          -0.97680277,
          0,
          0.044886727,
          0.10318805,
          -0.591465,
          1
        ]
      }
    ],
    "C85ED2F4-5B27-467B-B6CD-F105220F6511" : [
      {
        "date" : 764330682.91613,
        "title" : "Untitled",
        "transform" : [
          -0.99731666,
          8.3503027e-10,
          -0.07320844,
          0,
          -0.03883221,
          0.8477266,
          0.5290102,
          0,
          0.06206074,
          0.5304334,
          -0.8454519,
          0,
          0.021640452,
          0.18496104,
          -0.2948073,
          1
        ]
      },
      {
        "date" : 764330676.473119,
        "title" : "Untitled",
        "transform" : [
          1,
          0,
          0,
          0,
          0,
          0.7071069,
          -0.70710677,
          0,
          0,
          0.70710677,
          0.7071069,
          0,
          0,
          0.25576514,
          0.2557652,
          1
        ]
      }
    ]
  },
  "sceneViewportBackgroundColors" : {

  },
  "selectedSceneRelativePath" : "Placeholder.usda"
}