{
  "advancedEditorSelectedIdentifier" : "ProjectBrowser",
  "openSceneRelativePaths" : [
    "SpringWorld.usda"
  ],
  "recentIdentifiers" : {
    "AF09ED6F-1707-48FD-8720-65B998362C09" : [

    ]
  },
  "sceneCameraHistory" : {
    "AF09ED6F-1707-48FD-8720-65B998362C09" : [
      {
        "date" : 764314628.363069,
        "title" : "Untitled",
        "transform" : [
          0.8048161,
          1.2952805e-08,
          -0.5935243,
          0,
          -0.16879784,
          0.95870596,
          -0.22888906,
          0,
          0.5690152,
          0.28439933,
          0.77158195,
          0,
          1.3191757,
          0.5305895,
          1.6578232,
          1
        ]
      },
      {
        "date" : 764314212.210751,
        "title" : "Untitled",
        "transform" : [
          0.31257212,
          -1.8591575e-09,
          -0.94989395,
          0,
          -0.6143831,
          0.7626671,
          -0.2021689,
          0,
          0.72445285,
          0.6467913,
          0.23838848,
          0,
          1.6091676,
          1.2066844,
          0.6630734,
          1
        ]
      },
      {
        "date" : 764314202.975207,
        "title" : "Untitled",
        "transform" : [
          0.9075074,
          -1.8519781e-09,
          -0.42003593,
          0,
          -0.2716076,
          0.76280427,
          -0.586821,
          0,
          0.3204052,
          0.64662945,
          0.69225055,
          0,
          0.61407226,
          1.2063161,
          1.6287742,
          1
        ]
      },
      {
        "date" : 764314185.944411,
        "title" : "Untitled",
        "transform" : [
          0.7122866,
          -9.40498e-09,
          -0.7018887,
          0,
          -0.2579467,
          0.93002206,
          -0.26176798,
          0,
          0.652772,
          0.3675038,
          0.6624423,
          0,
          0.36776215,
          0.03669276,
          0.55396444,
          1
        ]
      },
      {
        "date" : 764314175.381596,
        "title" : "Untitled",
        "transform" : [
          0.7981314,
          3.618686e-09,
          -0.60248333,
          0,
          -0.36887506,
          0.7906583,
          -0.48866212,
          0,
          0.47635844,
          0.6122578,
          0.6310492,
          0,
          0.2534266,
          0.21327478,
          0.54630065,
          1
        ]
      },
      {
        "date" : 764314147.907983,
        "title" : "Untitled",
        "transform" : [
          0.89944905,
          -6.8730337e-09,
          -0.4370259,
          0,
          -0.21846448,
          0.86608934,
          -0.44962484,
          0,
          0.3785034,
          0.49988925,
          0.77900314,
          0,
          0.15339617,
          0.1318297,
          0.6060083,
          1
        ]
      },
      {
        "date" : 764314145.633777,
        "title" : "Untitled",
        "transform" : [
          0.9777803,
          -2.050848e-08,
          -0.20963266,
          0,
          -0.16370471,
          0.6246404,
          -0.7635608,
          0,
          0.130945,
          0.7809125,
          0.61076105,
          0,
          -0.03554596,
          0.35929856,
          0.5030358,
          1
        ]
      },
      {
        "date" : 764313961.89094,
        "title" : "Untitled",
        "transform" : [
          0.9777803,
          -2.050848e-08,
          -0.20963266,
          0,
          -0.16370471,
          0.6246404,
          -0.7635608,
          0,
          0.130945,
          0.7809125,
          0.61076105,
          0,
          0.004706681,
          0.2663181,
          0.3469803,
          1
        ]
      },
      {
        "date" : 764313923.040599,
        "title" : "Untitled",
        "transform" : [
          0.3920817,
          -2.3650358e-08,
          -0.91993046,
          0,
          -0.8699529,
          0.32512054,
          -0.37078092,
          0,
          0.29908824,
          0.9456726,
          0.12747385,
          0,
          0.21845968,
          0.4053546,
          0.02629676,
          1
        ]
      },
      {
        "date" : 764313914.223024,
        "title" : "Untitled",
        "transform" : [
          0.99255747,
          -1.2457576e-08,
          -0.1217773,
          0,
          -0.084672526,
          0.7187132,
          -0.6901317,
          0,
          0.08752292,
          0.6953066,
          0.7133642,
          0,
          0.106326506,
          0.26541466,
          0.3619091,
          1
        ]
      }
    ],
    "CE4BE34F-C8CB-463F-940D-FFF8A6D8EB7C" : [
      {
        "date" : 764399686.813571,
        "title" : "Untitled",
        "transform" : [
          0.8845073,
          2.034098e-09,
          -0.46652636,
          0,
          -0.11817295,
          0.96738684,
          -0.22404918,
          0,
          0.45131138,
          0.25330392,
          0.85566074,
          0,
          1.4867115,
          0.83310986,
          2.8187191,
          1
        ]
      },
      {
        "date" : 764399311.8998,
        "title" : "Untitled",
        "transform" : [
          0.99944395,
          -2.86965e-10,
          -0.033344362,
          0,
          -0.0053231195,
          0.9871752,
          -0.15955202,
          0,
          0.032916714,
          0.15964079,
          0.98662627,
          0,
          0.10843058,
          0.5245706,
          3.2500198,
          1
        ]
      },
      {
        "date" : 764399287.939602,
        "title" : "Untitled",
        "transform" : [
          0.9996663,
          1.6726079e-10,
          0.02583405,
          0,
          -6.778079e-05,
          0.9999966,
          0.0026228477,
          0,
          -0.025833976,
          -0.0026237343,
          0.9996629,
          0,
          -0.08467397,
          -0.0085988045,
          3.276535,
          1
        ]
      },
      {
        "date" : 764399285.686834,
        "title" : "Untitled",
        "transform" : [
          0.99903405,
          1.1285817e-10,
          0.04394138,
          0,
          0.00034671027,
          0.99996895,
          -0.0078826565,
          0,
          -0.043940026,
          0.007890268,
          0.99900305,
          0,
          -0.14401908,
          0.025862293,
          3.2743723,
          1
        ]
      },
      {
        "date" : 764399279.424659,
        "title" : "Untitled",
        "transform" : [
          0.99928045,
          2.2990881e-10,
          -0.037927393,
          0,
          -0.0018503565,
          0.9988093,
          -0.048751716,
          0,
          0.037882227,
          0.048786808,
          0.9980906,
          0,
          0.12416478,
          0.15990643,
          3.2713816,
          1
        ]
      },
      {
        "date" : 764399253.818293,
        "title" : "Untitled",
        "transform" : [
          1,
          0,
          0,
          0,
          0,
          0.7071069,
          -0.70710677,
          0,
          0,
          0.70710677,
          0.7071069,
          0,
          0,
          1.5559974,
          1.5559976,
          1
        ]
      }
    ],
    "D0128C1B-19C7-43B3-8A8F-01A4B9792534" : [
      {
        "date" : 764399242.691953,
        "title" : "Untitled",
        "transform" : [
          0.99293643,
          -2.0158182e-09,
          -0.11864755,
          0,
          -0.008970623,
          0.9971377,
          -0.07507325,
          0,
          0.11830795,
          0.07560728,
          0.99009436,
          0,
          0.17245482,
          0.110211216,
          1.443238,
          1
        ]
      },
      {
        "date" : 764399234.453066,
        "title" : "Untitled",
        "transform" : [
          1,
          0,
          0,
          0,
          0,
          0.7071069,
          -0.70710677,
          0,
          0,
          0.70710677,
          0.7071069,
          0,
          0,
          1.5363292,
          1.5363294,
          1
        ]
      }
    ]
  },
  "sceneViewportBackgroundColors" : {
    "CE4BE34F-C8CB-463F-940D-FFF8A6D8EB7C" : [
      0,
      0,
      0,
      1
    ]
  },
  "selectedSceneRelativePath" : "SpringWorld.usda"
}