{
  "advancedEditorSelectedIdentifier" : "ProjectBrowser",
  "openSceneRelativePaths" : [
    "Environments\/Spring.usda",
    "Environments\/Summer.usda",
    "Environments\/Autumn.usda",
    "Environments\/Winter.usda",
    "Placeholder.usda"
  ],
  "recentIdentifiers" : {
    "4673927B-0BE6-4BCB-9A99-1AEDF28CB6E0" : [

    ],
    "4A2E4513-4D36-4108-885F-E87E534459EF" : [

    ],
    "50BF0F7B-D138-4608-9337-1974057AAC98" : [

    ],
    "80C4DC99-F0D9-440F-9109-A7DD7BA61CCD" : [

    ],
    "86FF638F-A196-49CD-BE2E-B4780743AC10" : [

    ],
    "AF09ED6F-1707-48FD-8720-65B998362C09" : [

    ],
    "C85ED2F4-5B27-467B-B6CD-F105220F6511" : [

    ],
    "D5A01EF2-5013-4F61-9A5C-A185CC41A45A" : [

    ]
  },
  "sceneCameraHistory" : {
    "17663CEF-A4B5-46DD-976D-9C8A6D44553A" : [
      {
        "date" : 764830639.637417,
        "title" : "Untitled",
        "transform" : [
          1,
          0,
          0,
          0,
          0,
          0.7071069,
          -0.70710677,
          0,
          0,
          0.70710677,
          0.7071069,
          0,
          0,
          0.89358395,
          0.8935841,
          1
        ]
      }
    ],
    "23EFA4D5-CD86-45EB-B80C-3D89DA98FBFA" : [
      {
        "date" : 764837871.458479,
        "title" : "Untitled",
        "transform" : [
          -0.58300626,
          -2.7059798e-08,
          0.8124676,
          0,
          0.5463008,
          0.7401907,
          0.39201176,
          0,
          -0.60138094,
          0.67239696,
          -0.4315358,
          0,
          -0.6369187,
          0.68918985,
          -0.36991623,
          1
        ]
      },
      {
        "date" : 764837864.429359,
        "title" : "Untitled",
        "transform" : [
          -0.15098688,
          -1.3330313e-08,
          0.98853576,
          0,
          0.37306672,
          0.92605317,
          0.056981415,
          0,
          -0.91543674,
          0.3773932,
          -0.13982186,
          0,
          -0.9252766,
          0.3955862,
          -0.06972122,
          1
        ]
      },
      {
        "date" : 764837829.62621,
        "title" : "Untitled",
        "transform" : [
          -0.7466906,
          -1.3425851e-08,
          -0.6651715,
          0,
          -0.37074256,
          0.83026844,
          0.41617832,
          0,
          0.5522709,
          0.5573638,
          -0.6199536,
          0,
          0.49505648,
          0.5747971,
          -0.66214,
          1
        ]
      },
      {
        "date" : 764837642.856497,
        "title" : "Untitled",
        "transform" : [
          0.6086774,
          -8.322807e-09,
          -0.7934178,
          0,
          -0.24737188,
          0.95015436,
          -0.18977353,
          0,
          0.7538693,
          0.3117801,
          0.57833743,
          0,
          0.7978374,
          0.32996413,
          0.5228556,
          1
        ]
      },
      {
        "date" : 764837586.819524,
        "title" : "Untitled",
        "transform" : [
          0.6086774,
          -8.322807e-09,
          -0.7934178,
          0,
          -0.24737188,
          0.95015436,
          -0.18977353,
          0,
          0.7538694,
          0.31178012,
          0.5783375,
          0,
          1.9497323,
          0.8063571,
          1.495754,
          1
        ]
      }
    ],
    "44D81CC2-1742-49F1-9CD2-0366A00271EB" : [
      {
        "date" : 764829837.082447,
        "title" : "Untitled",
        "transform" : [
          0.8031931,
          1.4003021e-10,
          0.59571874,
          0,
          0.35921523,
          0.7977453,
          -0.48432118,
          0,
          -0.47523183,
          0.6029947,
          0.64074355,
          0,
          -0.37789097,
          0.4794845,
          0.5095012,
          1
        ]
      }
    ],
    "4673927B-0BE6-4BCB-9A99-1AEDF28CB6E0" : [
      {
        "date" : 764838168.737898,
        "title" : "Untitled",
        "transform" : [
          1,
          0,
          0,
          0,
          0,
          0.7071069,
          -0.70710677,
          0,
          0,
          0.70710677,
          0.7071069,
          0,
          0,
          1.4627069,
          1.4627072,
          1
        ]
      }
    ],
    "4A2E4513-4D36-4108-885F-E87E534459EF" : [
      {
        "date" : 764836316.986208,
        "title" : "Untitled",
        "transform" : [
          0.6390175,
          0.00114414,
          0.7691913,
          0,
          0.25147644,
          0.94473475,
          -0.21032314,
          0,
          -0.7269224,
          0.3278336,
          0.60341454,
          0,
          -0.6085054,
          0.24075074,
          0.15450373,
          1
        ]
      },
      {
        "date" : 764836303.917752,
        "title" : "Untitled",
        "transform" : [
          0.98649263,
          0.0011441377,
          -0.16380173,
          0,
          -0.074542984,
          0.8935698,
          -0.44269216,
          0,
          0.14586194,
          0.44892278,
          0.88158536,
          0,
          -0.11051689,
          0.33093947,
          0.77001184,
          1
        ]
      },
      {
        "date" : 764836109.34657,
        "title" : "Untitled",
        "transform" : [
          -0.11352632,
          0.0011441383,
          0.9935343,
          0,
          0.41499254,
          0.9086422,
          0.046372805,
          0,
          -0.9027142,
          0.4175738,
          -0.10362948,
          0,
          -0.5164608,
          0.30827186,
          -0.31298465,
          1
        ]
      },
      {
        "date" : 764836055.628026,
        "title" : "Untitled",
        "transform" : [
          -0.84451234,
          0.0011441382,
          -0.53553486,
          0,
          -0.27745646,
          0.8543887,
          0.43936065,
          0,
          0.45805752,
          0.519633,
          -0.7212245,
          0,
          0.7013909,
          0.3820371,
          -0.26919967,
          1
        ]
      },
      {
        "date" : 764836040.199442,
        "title" : "Untitled",
        "transform" : [
          -0.78914535,
          0.0011441417,
          -0.6142055,
          0,
          -0.21578233,
          0.93573785,
          0.27898517,
          0,
          0.5750544,
          0.3526944,
          -0.73818636,
          0,
          0.766761,
          0.27847803,
          -0.26948008,
          1
        ]
      },
      {
        "date" : 764836035.364089,
        "title" : "Untitled",
        "transform" : [
          -0.98996574,
          0.0011441482,
          -0.14130226,
          0,
          -0.08578755,
          0.7897322,
          0.6074237,
          0,
          0.11228581,
          0.6134505,
          -0.7817098,
          0,
          0.48937905,
          0.46857876,
          -0.44248563,
          1
        ]
      },
      {
        "date" : 764836024.995869,
        "title" : "Untitled",
        "transform" : [
          0.5442658,
          0.00114415,
          -0.83891207,
          0,
          -0.38416132,
          0.8893286,
          -0.24802162,
          0,
          0.7457848,
          0.45726717,
          0.48447067,
          0,
          0.61475635,
          0.4775424,
          0.8985839,
          1
        ]
      },
      {
        "date" : 764836005.997656,
        "title" : "Untitled",
        "transform" : [
          0.9697597,
          0.0011441504,
          -0.24405913,
          0,
          -0.11752465,
          0.8786056,
          -0.4628608,
          0,
          0.2139022,
          0.47754663,
          0.8521708,
          0,
          -0.0052992404,
          0.49196824,
          0.8222449,
          1
        ]
      },
      {
        "date" : 764836003.445048,
        "title" : "Untitled",
        "transform" : [
          0.17533666,
          0.001144153,
          0.9845078,
          0,
          0.11827467,
          0.99273235,
          -0.022217933,
          0,
          -0.97737813,
          0.12033785,
          0.1739271,
          0,
          -0.45841303,
          0.22776182,
          -0.3413202,
          1
        ]
      },
      {
        "date" : 764835991.288239,
        "title" : "Untitled",
        "transform" : [
          0.87595695,
          0.0011441576,
          -0.48238784,
          0,
          -0.2755557,
          0.82197386,
          -0.49842566,
          0,
          0.39593992,
          0.56952405,
          0.720329,
          0,
          0.00037118047,
          0.9803756,
          1.4341497,
          1
        ]
      }
    ],
    "4F4E5810-05C0-4F81-9C8A-4B55B3D09EF4" : [
      {
        "date" : 764832529.710582,
        "title" : "Untitled",
        "transform" : [
          0.8246468,
          4.0424606e-09,
          -0.56564796,
          0,
          -0.14773339,
          0.9652913,
          -0.21537761,
          0,
          0.546015,
          0.26117557,
          0.79602444,
          0,
          3.9165516,
          1.8734058,
          5.7098637,
          1
        ]
      },
      {
        "date" : 764832517.822489,
        "title" : "Untitled",
        "transform" : [
          0.7660003,
          2.338165e-09,
          -0.6428402,
          0,
          -0.21879223,
          0.9402981,
          -0.2607101,
          0,
          0.6044613,
          0.3403524,
          0.72026855,
          0,
          4.3357854,
          2.4413393,
          5.1664686,
          1
        ]
      },
      {
        "date" : 764832192.464436,
        "title" : "Untitled",
        "transform" : [
          0.9106686,
          2.411101e-09,
          -0.41313758,
          0,
          -0.13927668,
          0.941462,
          -0.307004,
          0,
          0.38895327,
          0.33711928,
          0.8573598,
          0,
          1.8543149,
          1.607199,
          4.087419,
          1
        ]
      },
      {
        "date" : 764832190.424577,
        "title" : "Untitled",
        "transform" : [
          0.9106686,
          2.411101e-09,
          -0.41313758,
          0,
          -0.13927668,
          0.941462,
          -0.307004,
          0,
          0.38895327,
          0.33711928,
          0.8573598,
          0,
          1.9645293,
          1.7027258,
          4.330362,
          1
        ]
      },
      {
        "date" : 764832182.24107,
        "title" : "Untitled",
        "transform" : [
          0.9106686,
          2.411101e-09,
          -0.41313758,
          0,
          -0.13927668,
          0.941462,
          -0.307004,
          0,
          0.38895327,
          0.33711928,
          0.8573598,
          0,
          1.4207463,
          1.23141,
          3.131714,
          1
        ]
      },
      {
        "date" : 764832167.826374,
        "title" : "Untitled",
        "transform" : [
          0.96927005,
          4.00604e-10,
          -0.24599923,
          0,
          -0.051174168,
          0.9781234,
          -0.20163311,
          0,
          0.24061756,
          0.20802566,
          0.94806564,
          0,
          0.87891424,
          0.75986433,
          3.4630392,
          1
        ]
      },
      {
        "date" : 764832159.060148,
        "title" : "Untitled",
        "transform" : [
          0.96927005,
          4.00604e-10,
          -0.24599923,
          0,
          -0.051174168,
          0.9781234,
          -0.20163311,
          0,
          0.24061756,
          0.20802566,
          0.94806564,
          0,
          1.3105934,
          1.133072,
          5.163913,
          1
        ]
      },
      {
        "date" : 764832154.253589,
        "title" : "Untitled",
        "transform" : [
          0.96927005,
          4.00604e-10,
          -0.24599923,
          0,
          -0.051174168,
          0.9781234,
          -0.20163311,
          0,
          0.24061756,
          0.20802566,
          0.94806564,
          0,
          1.4005257,
          1.2108229,
          5.5182586,
          1
        ]
      },
      {
        "date" : 764832008.967223,
        "title" : "Untitled",
        "transform" : [
          0.96927005,
          4.00604e-10,
          -0.24599923,
          0,
          -0.051174168,
          0.9781234,
          -0.20163311,
          0,
          0.24061759,
          0.2080257,
          0.94806576,
          0,
          0.62230927,
          0.53801686,
          2.4519825,
          1
        ]
      }
    ],
    "50BF0F7B-D138-4608-9337-1974057AAC98" : [
      {
        "date" : 764837877.943586,
        "title" : "Untitled",
        "transform" : [
          0.427289,
          -1.3789713e-08,
          -0.904115,
          0,
          -0.40675917,
          0.8930802,
          -0.19223633,
          0,
          0.80744725,
          0.44989756,
          0.3816034,
          0,
          0.6448776,
          0.43343487,
          0.46072483,
          1
        ]
      },
      {
        "date" : 764837621.886818,
        "title" : "Untitled",
        "transform" : [
          0.950427,
          -1.4577699e-08,
          -0.31094792,
          0,
          -0.13276842,
          0.9042612,
          -0.40581304,
          0,
          0.28117812,
          0.4269797,
          0.8594342,
          0,
          0.48065582,
          0.97344095,
          1.9225981,
          1
        ]
      },
      {
        "date" : 764837610.051383,
        "title" : "Untitled",
        "transform" : [
          0.9504269,
          -1.4577697e-08,
          -0.3109479,
          0,
          -0.13276842,
          0.9042612,
          -0.40581304,
          0,
          0.28117812,
          0.4269797,
          0.8594342,
          0,
          0.20859592,
          0.42245576,
          0.83437264,
          1
        ]
      },
      {
        "date" : 764837601.149855,
        "title" : "Untitled",
        "transform" : [
          0.91292655,
          -4.207835e-09,
          0.40812394,
          0,
          0.13754058,
          0.9415022,
          -0.3076623,
          0,
          -0.3842497,
          0.33700654,
          0.85952234,
          0,
          -2.299612,
          1.5655363,
          3.6111383,
          1
        ]
      },
      {
        "date" : 764837563.516316,
        "title" : "Untitled",
        "transform" : [
          0.7066439,
          -9.940609e-09,
          0.7075694,
          0,
          0.4933862,
          0.71678215,
          -0.49274066,
          0,
          -0.50717324,
          0.69729704,
          0.5065097,
          0,
          -4.7179337,
          5.541393,
          3.1719625,
          1
        ]
      },
      {
        "date" : 764837543.799613,
        "title" : "Untitled",
        "transform" : [
          0.8731141,
          -4.5936552e-09,
          0.48751587,
          0,
          0.15896939,
          0.945342,
          -0.2847054,
          0,
          -0.46086925,
          0.32608026,
          0.82539153,
          0,
          -1.5257807,
          0.933506,
          2.1683927,
          1
        ]
      },
      {
        "date" : 764837521.7984,
        "title" : "Untitled",
        "transform" : [
          0.9315004,
          1.0020589e-09,
          0.36374032,
          0,
          0.18037064,
          0.8683926,
          -0.46191007,
          0,
          -0.31586942,
          0.4958774,
          0.80890816,
          0,
          -1.1357406,
          1.4067515,
          2.1523266,
          1
        ]
      },
      {
        "date" : 764837515.312282,
        "title" : "Untitled",
        "transform" : [
          -0.012740934,
          4.7578064e-10,
          0.9999188,
          0,
          0.56648725,
          0.824039,
          0.0072181677,
          0,
          -0.82397217,
          0.56653315,
          -0.010498978,
          0,
          -2.288649,
          1.6033995,
          -0.30423912,
          1
        ]
      },
      {
        "date" : 764837455.33227,
        "title" : "Untitled",
        "transform" : [
          -0.012740934,
          4.7578064e-10,
          0.9999188,
          0,
          0.56648725,
          0.824039,
          0.0072181677,
          0,
          -0.82397217,
          0.56653315,
          -0.010498978,
          0,
          -1.0770724,
          0.7545837,
          -0.14317942,
          1
        ]
      },
      {
        "date" : 764837366.017852,
        "title" : "Untitled",
        "transform" : [
          0.7672041,
          4.81009e-10,
          0.6414032,
          0,
          0.20594536,
          0.9470502,
          -0.24633819,
          0,
          -0.60744095,
          0.3210856,
          0.72658074,
          0,
          -0.7721927,
          0.40047988,
          0.923646,
          1
        ]
      }
    ],
    "80C4DC99-F0D9-440F-9109-A7DD7BA61CCD" : [
      {
        "date" : 764838024.443797,
        "title" : "Untitled",
        "transform" : [
          -0.73508626,
          2.8289182e-10,
          -0.67797357,
          0,
          -0.35822317,
          0.8490122,
          0.3884,
          0,
          0.57560784,
          0.5283732,
          -0.6240972,
          0,
          0.93008864,
          0.83954865,
          -0.8937092,
          1
        ]
      },
      {
        "date" : 764837912.366695,
        "title" : "Untitled",
        "transform" : [
          0.90989697,
          -2.634696e-09,
          -0.4148344,
          0,
          -0.14297098,
          0.93873286,
          -0.31359228,
          0,
          0.38941872,
          0.34464586,
          0.8541501,
          0,
          0.5230077,
          0.56012577,
          1.3346703,
          1
        ]
      }
    ],
    "84FE8CA0-A29B-4021-8037-62D6B8F59655" : [
      {
        "date" : 764832714.876904,
        "title" : "Untitled",
        "transform" : [
          0.61836624,
          -1.2257299e-08,
          -0.78589004,
          0,
          -0.24196808,
          0.9514218,
          -0.19038905,
          0,
          0.747713,
          0.30789047,
          0.58832717,
          0,
          6.6684074,
          2.745893,
          5.246941,
          1
        ]
      },
      {
        "date" : 764832704.607539,
        "title" : "Untitled",
        "transform" : [
          0.61836624,
          -1.2257299e-08,
          -0.78589004,
          0,
          -0.24196811,
          0.9514219,
          -0.19038908,
          0,
          0.747713,
          0.30789047,
          0.58832717,
          0,
          9.870059,
          4.0642576,
          7.7661138,
          1
        ]
      },
      {
        "date" : 764832701.660324,
        "title" : "Untitled",
        "transform" : [
          1,
          0,
          0,
          0,
          0,
          0.7071069,
          -0.70710677,
          0,
          0,
          0.70710677,
          0.7071069,
          0,
          0,
          9.334044,
          9.334044,
          1
        ]
      },
      {
        "date" : 764832668.835275,
        "title" : "Untitled",
        "transform" : [
          1,
          0,
          0,
          0,
          0,
          0.7071069,
          -0.70710677,
          0,
          0,
          0.70710677,
          0.7071069,
          0,
          0,
          17.348564,
          17.348564,
          1
        ]
      },
      {
        "date" : 764832665.338852,
        "title" : "Untitled",
        "transform" : [
          1,
          0,
          0,
          0,
          0,
          0.7071069,
          -0.70710677,
          0,
          0,
          0.70710677,
          0.7071069,
          0,
          0,
          3.4325767,
          3.432577,
          1
        ]
      },
      {
        "date" : 764832662.503812,
        "title" : "Untitled",
        "transform" : [
          1,
          0,
          0,
          0,
          0,
          0.7071069,
          -0.70710677,
          0,
          0,
          0.70710677,
          0.7071069,
          0,
          0,
          1.6544414,
          1.6544416,
          1
        ]
      }
    ],
    "86FF638F-A196-49CD-BE2E-B4780743AC10" : [
      {
        "date" : 764838402.541358,
        "title" : "Untitled",
        "transform" : [
          0.97775936,
          1.2402156e-08,
          -0.20972997,
          0,
          -0.028218603,
          0.99090713,
          -0.131555,
          0,
          0.20782305,
          0.13454744,
          0.96886873,
          0,
          0.11051888,
          0.032122903,
          0.4327515,
          1
        ]
      },
      {
        "date" : 764838384.083215,
        "title" : "Untitled",
        "transform" : [
          0.8668285,
          1.4877957e-08,
          -0.4986064,
          0,
          -0.220979,
          0.896426,
          -0.38417262,
          0,
          0.44696388,
          0.4431934,
          0.77704763,
          0,
          0.22047621,
          0.17300504,
          0.34728006,
          1
        ]
      },
      {
        "date" : 764836796.70012,
        "title" : "Untitled",
        "transform" : [
          0.77133757,
          1.368246e-08,
          -0.6364262,
          0,
          -0.336258,
          0.8490245,
          -0.40753892,
          0,
          0.5403415,
          0.5283536,
          0.65488446,
          0,
          0.26343942,
          0.21218973,
          0.2910655,
          1
        ]
      },
      {
        "date" : 764836755.93782,
        "title" : "Untitled",
        "transform" : [
          0.9866396,
          1.6266949e-08,
          -0.16291785,
          0,
          -0.048123002,
          0.95537925,
          -0.2914356,
          0,
          0.15564841,
          0.29538208,
          0.94261503,
          0,
          0.09832435,
          0.18659551,
          0.5954582,
          1
        ]
      },
      {
        "date" : 764836753.624131,
        "title" : "Untitled",
        "transform" : [
          0.88757205,
          2.6967596e-08,
          -0.4606689,
          0,
          -0.32972598,
          0.69835174,
          -0.6352839,
          0,
          0.321709,
          0.7157548,
          0.6198374,
          0,
          0.2032263,
          0.45214865,
          0.39155677,
          1
        ]
      },
      {
        "date" : 764836745.383199,
        "title" : "Untitled",
        "transform" : [
          0.7467971,
          1.5994354e-08,
          0.66505194,
          0,
          0.29566696,
          0.8957406,
          -0.33200902,
          0,
          -0.5957139,
          0.44457728,
          0.6689365,
          0,
          -0.37631783,
          0.28084344,
          0.422573,
          1
        ]
      },
      {
        "date" : 764836725.398171,
        "title" : "Untitled",
        "transform" : [
          0.8524383,
          1.20248345e-08,
          0.52282786,
          0,
          0.1369802,
          0.9650683,
          -0.22333768,
          0,
          -0.5045646,
          0.2619987,
          0.82266116,
          0,
          -0.3187379,
          0.16550691,
          0.5196822,
          1
        ]
      }
    ],
    "903B00A5-3484-4F64-B282-F39683E71CB9" : [
      {
        "date" : 764831664.175237,
        "title" : "Untitled",
        "transform" : [
          0.6625003,
          -1.4044401e-09,
          -0.7490616,
          0,
          -0.12033066,
          0.98701274,
          -0.1064253,
          0,
          0.73933333,
          0.16064188,
          0.65389633,
          0,
          4.455649,
          0.9681205,
          3.9407537,
          1
        ]
      },
      {
        "date" : 764831650.207225,
        "title" : "Untitled",
        "transform" : [
          0.5730417,
          -1.4339623e-09,
          -0.8195262,
          0,
          -0.12997758,
          0.9873428,
          -0.09088492,
          0,
          0.80915326,
          0.1586009,
          0.56578857,
          0,
          4.876424,
          0.9558204,
          3.4097657,
          1
        ]
      },
      {
        "date" : 764831647.2999,
        "title" : "Untitled",
        "transform" : [
          0.5730417,
          -1.4339623e-09,
          -0.8195262,
          0,
          -0.12997758,
          0.9873428,
          -0.09088492,
          0,
          0.80915326,
          0.1586009,
          0.56578857,
          0,
          5.950885,
          1.1664239,
          4.161067,
          1
        ]
      },
      {
        "date" : 764831643.364644,
        "title" : "Untitled",
        "transform" : [
          0.5730417,
          -1.4339623e-09,
          -0.8195262,
          0,
          -0.12997758,
          0.9873428,
          -0.09088492,
          0,
          0.80915326,
          0.1586009,
          0.56578857,
          0,
          3.6147888,
          0.7085291,
          2.527587,
          1
        ]
      },
      {
        "date" : 764831638.568626,
        "title" : "Untitled",
        "transform" : [
          0.6811746,
          -6.262546e-10,
          -0.732121,
          0,
          -0.15884368,
          0.97617966,
          -0.14779015,
          0,
          0.7146816,
          0.2169637,
          0.66494876,
          0,
          3.8585663,
          1.1713868,
          3.590057,
          1
        ]
      },
      {
        "date" : 764831587.842968,
        "title" : "Untitled",
        "transform" : [
          0.66715574,
          -3.9138124e-09,
          -0.7449182,
          0,
          -0.07801695,
          0.99450046,
          -0.069872715,
          0,
          0.7408215,
          0.10473225,
          0.66348666,
          0,
          3.9996955,
          0.5654493,
          3.5821633,
          1
        ]
      },
      {
        "date" : 764831583.739438,
        "title" : "Untitled",
        "transform" : [
          0.6812102,
          -5.664547e-09,
          -0.73208785,
          0,
          -0.1122926,
          0.9881663,
          -0.104488656,
          0,
          0.7234245,
          0.1533868,
          0.67314893,
          0,
          5.4484177,
          1.155221,
          5.0697694,
          1
        ]
      },
      {
        "date" : 764831576.561969,
        "title" : "Untitled",
        "transform" : [
          0.9036722,
          -2.646722e-09,
          -0.42822486,
          0,
          -0.027066208,
          0.9980005,
          -0.057117157,
          0,
          0.42736864,
          0.06320564,
          0.9018654,
          0,
          0.717687,
          0.10614225,
          1.5145171,
          1
        ]
      },
      {
        "date" : 764831566.529928,
        "title" : "Untitled",
        "transform" : [
          0.9036722,
          -2.646722e-09,
          -0.42822486,
          0,
          -0.027066212,
          0.9980006,
          -0.057117164,
          0,
          0.42736864,
          0.06320564,
          0.9018654,
          0,
          1.1053035,
          0.16346875,
          2.3324945,
          1
        ]
      }
    ],
    "AF09ED6F-1707-48FD-8720-65B998362C09" : [
      {
        "date" : 764314628.363069,
        "title" : "Untitled",
        "transform" : [
          0.8048161,
          1.2952805e-08,
          -0.5935243,
          0,
          -0.16879784,
          0.95870596,
          -0.22888906,
          0,
          0.5690152,
          0.28439933,
          0.77158195,
          0,
          1.3191757,
          0.5305895,
          1.6578232,
          1
        ]
      },
      {
        "date" : 764314212.210751,
        "title" : "Untitled",
        "transform" : [
          0.31257212,
          -1.8591575e-09,
          -0.94989395,
          0,
          -0.6143831,
          0.7626671,
          -0.2021689,
          0,
          0.72445285,
          0.6467913,
          0.23838848,
          0,
          1.6091676,
          1.2066844,
          0.6630734,
          1
        ]
      },
      {
        "date" : 764314202.975207,
        "title" : "Untitled",
        "transform" : [
          0.9075074,
          -1.8519781e-09,
          -0.42003593,
          0,
          -0.2716076,
          0.76280427,
          -0.586821,
          0,
          0.3204052,
          0.64662945,
          0.69225055,
          0,
          0.61407226,
          1.2063161,
          1.6287742,
          1
        ]
      },
      {
        "date" : 764314185.944411,
        "title" : "Untitled",
        "transform" : [
          0.7122866,
          -9.40498e-09,
          -0.7018887,
          0,
          -0.2579467,
          0.93002206,
          -0.26176798,
          0,
          0.652772,
          0.3675038,
          0.6624423,
          0,
          0.36776215,
          0.03669276,
          0.55396444,
          1
        ]
      },
      {
        "date" : 764314175.381596,
        "title" : "Untitled",
        "transform" : [
          0.7981314,
          3.618686e-09,
          -0.60248333,
          0,
          -0.36887506,
          0.7906583,
          -0.48866212,
          0,
          0.47635844,
          0.6122578,
          0.6310492,
          0,
          0.2534266,
          0.21327478,
          0.54630065,
          1
        ]
      },
      {
        "date" : 764314147.907983,
        "title" : "Untitled",
        "transform" : [
          0.89944905,
          -6.8730337e-09,
          -0.4370259,
          0,
          -0.21846448,
          0.86608934,
          -0.44962484,
          0,
          0.3785034,
          0.49988925,
          0.77900314,
          0,
          0.15339617,
          0.1318297,
          0.6060083,
          1
        ]
      },
      {
        "date" : 764314145.633777,
        "title" : "Untitled",
        "transform" : [
          0.9777803,
          -2.050848e-08,
          -0.20963266,
          0,
          -0.16370471,
          0.6246404,
          -0.7635608,
          0,
          0.130945,
          0.7809125,
          0.61076105,
          0,
          -0.03554596,
          0.35929856,
          0.5030358,
          1
        ]
      },
      {
        "date" : 764313961.89094,
        "title" : "Untitled",
        "transform" : [
          0.9777803,
          -2.050848e-08,
          -0.20963266,
          0,
          -0.16370471,
          0.6246404,
          -0.7635608,
          0,
          0.130945,
          0.7809125,
          0.61076105,
          0,
          0.004706681,
          0.2663181,
          0.3469803,
          1
        ]
      },
      {
        "date" : 764313923.040599,
        "title" : "Untitled",
        "transform" : [
          0.3920817,
          -2.3650358e-08,
          -0.91993046,
          0,
          -0.8699529,
          0.32512054,
          -0.37078092,
          0,
          0.29908824,
          0.9456726,
          0.12747385,
          0,
          0.21845968,
          0.4053546,
          0.02629676,
          1
        ]
      },
      {
        "date" : 764313914.223024,
        "title" : "Untitled",
        "transform" : [
          0.99255747,
          -1.2457576e-08,
          -0.1217773,
          0,
          -0.084672526,
          0.7187132,
          -0.6901317,
          0,
          0.08752292,
          0.6953066,
          0.7133642,
          0,
          0.106326506,
          0.26541466,
          0.3619091,
          1
        ]
      }
    ],
    "C85ED2F4-5B27-467B-B6CD-F105220F6511" : [
      {
        "date" : 764837146.829778,
        "title" : "Untitled",
        "transform" : [
          0.5939684,
          3.8111136e-08,
          0.8044883,
          0,
          0.34375438,
          0.90411204,
          -0.2538002,
          0,
          -0.72734743,
          0.42729563,
          0.537014,
          0,
          -1.003025,
          0.46188742,
          0.055721067,
          1
        ]
      },
      {
        "date" : 764836689.629922,
        "title" : "Untitled",
        "transform" : [
          -0.9856141,
          3.7670148e-08,
          0.16901101,
          0,
          0.052797187,
          0.9499543,
          0.30789474,
          0,
          -0.16055275,
          0.3123887,
          -0.9362884,
          0,
          0.7207408,
          0.34147474,
          -1.0336428,
          1
        ]
      },
      {
        "date" : 764836680.730598,
        "title" : "Untitled",
        "transform" : [
          -0.98463297,
          3.708047e-08,
          0.1746366,
          0,
          0.0666972,
          0.92419547,
          0.37605068,
          0,
          -0.16139837,
          0.38191962,
          -0.90999335,
          0,
          0.720133,
          0.40661332,
          -1.0079517,
          1
        ]
      },
      {
        "date" : 764836669.216622,
        "title" : "Untitled",
        "transform" : [
          -0.9028214,
          3.5090547e-08,
          -0.43001586,
          0,
          -0.21806385,
          0.8618832,
          0.45782676,
          0,
          0.37062347,
          0.50710666,
          -0.77812666,
          0,
          1.1780075,
          0.5231621,
          -0.6084972,
          1
        ]
      },
      {
        "date" : 764836662.055325,
        "title" : "Untitled",
        "transform" : [
          0.9695271,
          3.5264176e-08,
          -0.24498416,
          0,
          -0.11182295,
          0.8897493,
          -0.44254005,
          0,
          0.2179745,
          0.4564494,
          0.8626361,
          0,
          0.20140891,
          0.47612175,
          0.83261263,
          1
        ]
      },
      {
        "date" : 764836652.9241,
        "title" : "Untitled",
        "transform" : [
          0.5423915,
          3.5049354e-08,
          -0.8401259,
          0,
          -0.38689682,
          0.88764805,
          -0.24978332,
          0,
          0.7457362,
          0.46052238,
          0.4814528,
          0,
          0.7203682,
          0.4795061,
          0.6279523,
          1
        ]
      },
      {
        "date" : 764836648.682758,
        "title" : "Untitled",
        "transform" : [
          0.5423915,
          3.5049354e-08,
          -0.8401259,
          0,
          -0.38689682,
          0.88764805,
          -0.24978332,
          0,
          0.7457362,
          0.46052238,
          0.4814528,
          0,
          0.4550379,
          0.4795061,
          1.0389305,
          1
        ]
      },
      {
        "date" : 764836633.038845,
        "title" : "Untitled",
        "transform" : [
          0.62503797,
          3.826579e-08,
          -0.78059435,
          0,
          -0.26482576,
          0.940692,
          -0.2120513,
          0,
          0.7342988,
          0.33926156,
          0.58796823,
          0,
          0.39520758,
          0.3722221,
          1.097361,
          1
        ]
      },
      {
        "date" : 764836629.668559,
        "title" : "Untitled",
        "transform" : [
          0.99461234,
          2.8257794e-08,
          0.10366451,
          0,
          0.056510866,
          0.83834946,
          -0.54219604,
          0,
          -0.08690712,
          0.545133,
          0.83383274,
          0,
          -0.567155,
          0.52388406,
          0.4233694,
          1
        ]
      },
      {
        "date" : 764836621.853357,
        "title" : "Untitled",
        "transform" : [
          0.33585078,
          1.3034986e-08,
          0.9419152,
          0,
          0.48861268,
          0.8549297,
          -0.1742206,
          0,
          -0.80527127,
          0.5187438,
          0.28712878,
          0,
          -0.7351899,
          0.5063431,
          -0.33380625,
          1
        ]
      }
    ],
    "CE4BE34F-C8CB-463F-940D-FFF8A6D8EB7C" : [
      {
        "date" : 764831704.266952,
        "title" : "Untitled",
        "transform" : [
          0.67413276,
          -1.5138197e-09,
          -0.7386102,
          0,
          -0.119075134,
          0.9869193,
          -0.10868037,
          0,
          0.7289487,
          0.1612151,
          0.6653146,
          0,
          4.5197954,
          0.99715924,
          4.125235,
          1
        ]
      },
      {
        "date" : 764830833.450754,
        "title" : "Untitled",
        "transform" : [
          0.68132365,
          1.4539898e-09,
          -0.7319823,
          0,
          -0.24279429,
          0.9433869,
          -0.2259911,
          0,
          0.6905426,
          0.33169422,
          0.6427518,
          0,
          4.281974,
          2.0542407,
          3.985628,
          1
        ]
      },
      {
        "date" : 764830752.913974,
        "title" : "Untitled",
        "transform" : [
          0.68132365,
          1.4539898e-09,
          -0.7319823,
          0,
          -0.24279429,
          0.9433869,
          -0.2259911,
          0,
          0.6905426,
          0.33169422,
          0.6427518,
          0,
          7.5485997,
          3.6213765,
          7.0261765,
          1
        ]
      },
      {
        "date" : 764830675.601902,
        "title" : "Untitled",
        "transform" : [
          0.8536235,
          9.871483e-10,
          -0.5208904,
          0,
          -0.07720675,
          0.9889543,
          -0.12652475,
          0,
          0.5151368,
          0.14822078,
          0.84419477,
          0,
          1.6968912,
          0.48695233,
          2.7808266,
          1
        ]
      },
      {
        "date" : 764399686.813571,
        "title" : "Untitled",
        "transform" : [
          0.8845073,
          2.034098e-09,
          -0.46652636,
          0,
          -0.11817295,
          0.96738684,
          -0.22404918,
          0,
          0.45131138,
          0.25330392,
          0.85566074,
          0,
          1.4867115,
          0.83310986,
          2.8187191,
          1
        ]
      },
      {
        "date" : 764399311.8998,
        "title" : "Untitled",
        "transform" : [
          0.99944395,
          -2.86965e-10,
          -0.033344362,
          0,
          -0.0053231195,
          0.9871752,
          -0.15955202,
          0,
          0.032916714,
          0.15964079,
          0.98662627,
          0,
          0.10843058,
          0.5245706,
          3.2500198,
          1
        ]
      },
      {
        "date" : 764399287.939602,
        "title" : "Untitled",
        "transform" : [
          0.9996663,
          1.6726079e-10,
          0.02583405,
          0,
          -6.778079e-05,
          0.9999966,
          0.0026228477,
          0,
          -0.025833976,
          -0.0026237343,
          0.9996629,
          0,
          -0.08467397,
          -0.0085988045,
          3.276535,
          1
        ]
      },
      {
        "date" : 764399285.686834,
        "title" : "Untitled",
        "transform" : [
          0.99903405,
          1.1285817e-10,
          0.04394138,
          0,
          0.00034671027,
          0.99996895,
          -0.0078826565,
          0,
          -0.043940026,
          0.007890268,
          0.99900305,
          0,
          -0.14401908,
          0.025862293,
          3.2743723,
          1
        ]
      },
      {
        "date" : 764399279.424659,
        "title" : "Untitled",
        "transform" : [
          0.99928045,
          2.2990881e-10,
          -0.037927393,
          0,
          -0.0018503565,
          0.9988093,
          -0.048751716,
          0,
          0.037882227,
          0.048786808,
          0.9980906,
          0,
          0.12416478,
          0.15990643,
          3.2713816,
          1
        ]
      },
      {
